812 2762
253 615
697 145
572 253
239 355
406 37
483 328
510 723
361 17
456 251
147 724
422 528
78 86
106 574
728 285
583 97
621 174
182 794
534 709
244 573
462 239
466 18
747 754
308 361
661 633
11 7
376 294
450 235
72 575
127 460
588 82
370 457
224 757
101 375
637 68
69 579
805 479
435 540
239 217
459 799
595 314
443 57
388 273
726 142
138 534
361 171
471 58
438 252
420 17
149 573
131 94
408 174
248 504
394 461
805 375
734 248
348 152
792 638
498 611
466 482
116 119
586 51
272 183
734 139
277 330
460 158
390 731
520 653
709 439
430 733
259 710
477 275
278 315
5 529
528 741
118 623
623 406
122 425
49 97
712 137
416 560
77 414
521 56
43 217
82 641
760 281
481 325
91 696
662 780
404 628
151 663
740 283
673 801
372 285
138 501
799 429
213 330
74 349
457 339
644 670
459 781
189 124
588 364
728 744
88 81
517 728
384 561
108 397
262 408
729 200
364 430
602 415
611 675
633 804
614 198
136 1
267 67
69 248
706 612
15 348
751 427
734 234
437 490
708 414
807 564
76 544
682 391
812 108
207 416
542 797
763 336
748 575
288 426
164 664
619 605
188 435
616 89
561 773
546 518
470 726
363 63
439 809
778 14
304 116
565 305
188 734
338 258
728 337
306 356
234 729
498 393
744 6
239 238
86 510
807 570
148 810
4 293
118 474
67 766
727 137
329 228
185 677
594 680
305 262
363 811
568 583
18 79
509 617
704 689
461 624
578 714
9 656
191 173
781 498
506 804
140 11
639 89
55 184
114 631
540 690
82 323
84 163
161 379
311 67
224 656
80 373
647 639
219 474
704 252
434 436
589 225
437 215
26 730
135 603
710 213
346 30
494 142
114 543
166 746
365 99
130 703
628 162
594 14
561 276
691 527
767 226
750 46
697 418
454 108
661 140
331 499
538 761
5 638
190 428
464 715
712 791
640 153
288 303
52 575
131 639
667 234
800 607
298 544
48 793
13 699
253 90
660 398
4 679
485 39
252 463
569 588
436 10
202 181
19 222
518 525
371 333
407 70
407 525
564 721
344 361
416 54
589 759
330 81
758 719
632 720
707 628
282 156
390 149
528 97
14 719
753 663
721 592
455 505
367 720
498 148
545 277
553 436
56 657
571 399
336 214
178 262
233 452
218 786
293 648
425 256
317 274
464 15
131 573
784 670
256 241
383 667
229 631
178 455
181 57
329 128
790 706
779 456
571 75
205 457
23 781
6 335
137 633
618 575
371 54
2 479
731 805
702 215
540 67
172 165
482 704
97 641
424 482
248 456
597 570
603 504
804 303
128 434
404 295
795 420
798 478
582 433
253 570
783 655
366 497
756 569
189 392
392 673
669 713
233 438
347 17
420 310
134 81
355 388
356 806
692 781
215 467
327 399
395 24
439 235
267 649
179 428
605 489
660 677
663 13
702 487
25 252
317 6
10 360
708 796
514 351
181 449
790 591
479 748
247 399
214 395
657 333
808 378
717 171
421 393
218 70
724 227
672 473
224 185
204 670
226 162
482 495
28 39
356 404
381 508
219 449
202 395
203 11
39 737
295 44
722 805
615 216
12 786
132 297
476 173
3 199
97 32
599 676
565 410
199 289
745 541
339 793
286 453
90 368
54 801
608 328
111 688
761 304
444 228
707 172
171 483
189 546
357 534
487 407
432 196
577 140
44 480
9 680
84 372
348 475
5 97
777 24
63 725
302 733
250 632
235 586
587 689
452 3
565 413
781 593
128 446
182 555
522 439
226 295
447 296
807 580
458 217
296 559
265 100
585 197
450 613
697 105
809 615
701 252
722 748
209 124
430 466
694 590
216 582
387 33
603 477
181 436
164 604
42 295
685 441
650 749
3 781
412 258
489 491
568 525
108 410
493 681
795 668
173 555
525 556
340 665
286 96
617 438
113 512
94 55
631 190
759 500
227 223
597 639
195 38
622 387
713 421
622 617
550 506
204 642
336 555
79 365
134 520
453 578
572 802
421 655
639 191
786 106
698 248
649 802
524 268
637 586
284 406
50 305
645 118
272 192
720 495
165 539
385 797
803 216
586 757
706 251
302 758
241 778
598 489
808 123
807 157
739 206
318 609
490 493
271 473
808 10
2 65
241 191
596 775
579 211
599 140
16 173
201 231
309 560
76 79
683 516
304 232
7 306
519 714
670 472
140 136
90 600
327 672
254 640
383 402
23 278
667 185
723 324
156 264
358 281
287 216
357 629
737 352
342 654
411 770
656 650
347 89
168 511
722 720
634 229
600 568
608 110
68 441
532 305
55 114
422 728
799 83
432 584
770 375
171 750
193 523
294 189
98 648
260 655
85 733
175 193
567 782
69 744
537 788
483 398
707 293
344 317
417 473
476 778
203 66
541 737
798 74
712 263
628 46
385 148
238 80
225 34
564 387
303 473
168 12
493 59
232 61
792 707
263 151
616 391
373 267
31 181
57 747
495 471
65 666
101 433
793 699
770 470
610 108
3 102
794 464
298 349
762 147
268 565
766 12
324 103
418 425
528 344
96 563
81 651
371 4
7 569
197 399
289 777
382 243
156 192
388 517
259 475
335 364
32 410
275 238
244 118
612 778
353 697
728 603
675 545
751 449
109 134
260 323
117 198
656 146
569 577
771 227
458 17
511 651
61 681
299 380
606 208
592 57
627 791
170 572
362 452
38 609
458 294
67 246
635 536
620 75
15 435
733 666
43 74
191 210
801 429
604 60
364 646
323 811
221 758
540 365
639 218
686 462
122 109
140 380
472 746
209 245
489 650
663 714
773 720
577 503
522 775
28 393
728 698
638 157
363 26
422 315
793 437
744 794
191 513
586 510
149 732
168 736
133 408
411 679
69 538
657 345
346 295
148 548
724 562
187 579
403 638
592 806
320 635
300 372
269 398
452 335
625 702
241 404
411 707
226 150
597 330
208 446
490 717
386 435
523 229
46 228
447 270
569 423
552 169
555 705
104 186
512 668
359 148
100 369
745 553
49 607
739 666
497 795
444 216
136 665
409 541
599 293
602 507
158 224
39 131
146 664
418 341
419 660
459 419
378 590
106 503
471 728
39 52
484 205
278 631
477 174
88 550
675 682
660 267
241 565
630 754
204 727
647 714
176 787
143 598
811 453
426 711
675 629
549 20
716 126
455 561
6 431
411 541
66 752
106 805
503 805
90 84
290 233
541 278
393 139
731 453
126 179
199 299
347 388
63 764
305 679
126 585
381 634
402 657
209 620
80 775
103 310
217 775
72 218
749 768
439 479
36 381
661 724
313 139
276 694
245 502
396 128
503 802
585 761
269 806
364 484
365 498
275 67
215 523
685 478
789 42
81 368
675 773
273 678
110 336
260 420
82 196
154 201
249 717
250 197
570 10
670 47
40 802
375 766
412 414
782 773
787 263
530 232
237 213
294 809
153 651
596 86
724 131
66 479
602 189
711 56
18 346
55 227
588 474
496 501
775 177
469 115
97 530
753 723
274 716
520 705
356 411
29 491
790 27
386 760
666 722
278 458
667 220
316 422
389 40
155 445
229 809
764 383
750 592
473 786
97 49
761 487
61 470
337 760
607 438
57 757
767 212
458 412
406 473
804 740
592 700
629 767
43 699
762 106
530 766
509 475
309 89
148 300
758 150
693 195
490 504
532 199
476 187
66 504
778 323
176 679
620 341
5 557
451 809
334 637
195 476
185 584
348 236
576 669
349 325
268 446
263 21
139 580
87 252
680 501
572 803
217 423
149 457
785 686
240 49
717 513
663 581
758 792
431 785
445 787
396 339
790 7
577 7
428 265
69 808
105 743
642 627
737 140
689 606
104 543
526 774
437 593
629 460
557 42
557 501
760 767
35 758
571 792
293 743
784 20
184 607
720 44
562 332
65 106
528 124
529 625
288 183
696 52
346 463
391 378
757 128
403 559
300 486
674 257
801 399
519 107
165 699
422 571
350 36
486 548
15 696
398 597
603 567
662 108
431 49
727 590
694 445
752 404
740 445
448 277
191 487
660 500
290 363
312 494
168 201
2 255
725 517
62 677
180 398
422 455
189 797
478 565
777 367
136 353
255 665
33 164
257 134
407 600
121 457
180 172
640 623
538 503
647 461
581 435
375 788
339 495
455 427
789 652
388 352
449 259
585 769
287 772
438 762
577 114
387 767
377 404
301 706
76 117
74 112
138 528
124 444
604 265
208 809
437 516
761 692
391 520
530 724
86 277
310 55
140 592
800 690
267 317
107 442
88 413
95 367
482 311
747 718
146 104
576 759
299 105
227 524
177 490
90 573
112 769
206 79
669 739
559 624
695 580
419 79
572 31
94 122
189 808
281 114
7 582
140 326
639 410
269 411
551 5
533 97
503 723
252 676
402 143
408 154
372 203
805 283
608 73
781 482
213 373
717 689
52 738
128 595
256 77
190 31
724 646
232 348
622 457
127 801
143 634
111 507
44 302
653 65
803 766
568 804
163 688
354 143
656 455
569 413
145 168
573 271
147 678
594 111
316 650
570 474
745 662
597 733
485 505
269 199
124 737
89 492
465 804
319 171
193 664
142 286
223 656
549 108
97 654
60 630
634 709
317 759
2 228
4 512
132 477
136 610
613 235
119 142
733 800
348 322
701 364
150 584
260 707
465 599
262 731
671 675
765 314
768 380
325 158
679 437
191 751
12 243
624 411
309 543
646 630
209 625
213 89
346 806
676 614
129 58
481 68
500 797
558 659
156 628
222 408
575 668
759 211
580 711
478 148
453 658
235 354
109 431
402 410
131 703
691 40
154 267
579 147
249 706
219 93
237 150
222 353
104 566
356 495
607 301
332 542
739 166
761 149
103 393
162 445
681 308
657 805
524 806
481 465
612 65
478 525
579 451
724 237
284 36
507 728
145 445
438 143
556 486
370 593
224 588
501 447
66 236
284 91
585 50
435 33
812 340
406 23
416 204
355 214
563 477
746 7
33 720
531 772
804 430
474 777
386 662
774 343
523 22
61 451
562 104
682 324
331 318
542 590
801 143
503 532
89 141
626 412
496 787
478 647
387 569
784 779
253 157
721 449
406 46
762 799
193 232
139 417
234 314
793 734
239 207
135 384
599 703
429 24
730 416
56 90
772 524
647 560
576 503
10 122
41 283
629 186
672 344
712 810
602 521
414 406
252 725
347 260
227 433
263 514
446 806
360 153
414 33
418 627
620 59
392 148
525 561
506 286
439 274
292 322
147 577
658 741
722 161
408 308
580 586
503 191
417 570
414 660
92 124
536 485
715 204
646 41
480 192
554 145
33 133
691 359
578 761
289 132
105 620
642 413
111 600
187 629
350 451
631 267
336 483
724 340
84 235
812 505
254 517
459 175
275 384
683 271
171 620
262 325
798 108
524 155
418 530
453 422
667 358
346 428
428 589
212 329
413 387
713 370
680 389
591 510
81 709
316 255
133 479
25 102
450 629
434 78
162 436
58 351
538 37
449 541
198 14
255 572
400 678
774 93
246 337
588 447
288 727
185 116
95 152
674 263
34 166
608 436
384 89
682 400
277 668
23 738
203 433
750 525
616 774
572 537
59 3
497 484
724 346
707 313
357 421
765 40
21 195
460 383
335 424
428 400
601 302
146 101
698 338
94 268
663 741
556 779
541 339
103 472
35 309
110 396
365 124
516 460
259 531
798 79
105 12
236 558
182 343
460 684
777 66
434 390
108 254
561 463
393 557
245 279
529 38
696 60
282 94
28 129
180 594
472 11
414 384
654 228
684 49
136 188
120 33
317 729
709 55
195 4
489 172
113 198
666 440
354 703
430 102
506 31
197 441
716 190
3 240
96 574
481 747
444 691
638 538
318 117
223 699
493 57
134 788
782 367
605 515
474 429
511 725
75 144
299 202
803 714
237 453
59 464
721 53
591 653
636 781
526 340
120 480
51 129
122 703
39 21
6 358
88 495
397 603
768 145
282 471
238 346
42 577
172 188
409 662
103 596
622 682
20 437
427 22
122 799
77 770
677 632
90 305
352 349
356 287
595 62
655 407
688 321
520 485
127 613
519 441
631 468
64 496
790 39
676 223
768 360
644 637
461 2
34 395
686 753
257 232
521 241
163 295
464 787
57 607
406 484
287 555
346 117
805 543
718 296
687 693
616 661
69 654
567 590
626 723
461 501
525 737
359 128
399 468
644 466
493 36
167 792
573 757
501 553
561 664
543 536
659 576
586 608
296 665
481 472
597 565
738 317
55 510
437 419
510 683
331 55
667 767
423 543
227 102
393 472
697 215
394 287
717 631
22 88
762 739
213 454
760 310
387 730
445 687
62 391
323 410
694 505
456 546
332 666
521 552
721 331
360 531
373 35
575 77
676 278
234 513
290 303
327 43
442 27
221 495
60 19
447 199
470 44
571 409
759 803
463 455
653 712
289 811
125 602
280 146
331 266
590 133
25 158
338 111
68 260
714 274
403 323
336 596
779 338
265 294
512 631
803 499
713 218
752 107
37 325
773 459
684 333
336 40
122 351
620 178
676 364
643 125
274 319
223 616
558 727
93 4
688 300
597 750
284 447
178 662
346 311
329 341
699 684
441 652
155 650
172 740
673 457
697 741
369 146
319 41
714 518
382 449
556 383
521 427
811 340
28 519
254 705
367 307
447 434
10 685
182 504
655 161
713 317
533 607
717 285
41 549
298 246
317 314
143 94
800 257
436 803
806 358
592 30
425 137
244 75
286 671
431 423
205 352
776 782
34 352
114 560
480 171
33 320
143 122
556 148
703 146
380 799
509 716
554 462
629 176
22 326
248 811
581 61
545 564
253 593
1 534
114 15
668 25
370 101
88 483
375 212
785 374
273 410
518 506
498 769
267 734
294 420
275 260
726 669
784 185
140 149
520 142
100 486
512 408
176 617
25 353
272 396
108 501
327 20
770 221
660 556
613 486
597 87
62 791
358 788
659 185
77 169
127 497
410 557
376 542
87 112
514 73
327 108
475 367
718 473
387 510
226 330
227 40
726 519
394 673
749 83
472 129
244 685
499 735
640 568
555 224
41 61
224 779
81 150
317 152
618 439
44 510
444 759
166 808
151 618
704 692
279 92
549 531
785 386
342 251
515 489
113 217
122 779
500 356
364 314
545 148
360 121
56 327
419 365
168 214
613 391
775 327
653 101
49 341
158 561
729 411
507 107
252 603
780 756
681 280
607 391
747 11
586 135
344 550
551 550
698 118
661 98
443 743
738 442
232 156
654 131
87 6
231 457
472 341
808 666
756 154
260 644
812 417
689 231
691 784
553 791
203 33
166 183
404 166
173 340
812 87
770 124
489 557
383 359
337 673
683 730
103 100
674 800
513 51
434 659
644 408
220 717
605 226
403 266
204 604
667 412
177 518
568 146
204 345
177 712
757 328
189 747
280 313
541 161
84 444
196 611
113 397
36 575
418 411
702 443
423 323
261 63
174 677
621 697
107 540
201 28
132 727
98 67
447 478
90 434
222 565
78 659
523 127
137 264
91 101
178 561
655 1
217 634
623 808
257 585
227 68
250 789
642 137
295 429
8 650
360 690
345 660
682 765
565 229
379 501
86 507
803 375
288 548
552 565
220 150
77 657
480 459
312 8
390 791
778 756
448 617
195 7
54 789
276 279
481 633
426 209
463 569
320 313
140 788
612 102
697 800
77 285
316 346
248 715
118 682
563 276
564 398
656 167
267 656
111 535
558 444
188 796
62 87
100 238
101 248
121 359
656 763
198 535
801 196
146 553
21 295
479 10
373 531
65 194
378 379
768 527
472 305
337 558
33 551
688 528
770 795
240 199
243 82
119 703
144 678
193 538
583 603
621 676
468 404
397 602
399 449
440 654
408 503
267 591
637 612
784 455
667 120
381 613
567 142
91 164
39 283
258 805
211 149
216 200
344 445
100 579
18 505
648 512
525 92
343 513
344 609
488 403
788 303
684 579
412 780
245 352
253 447
521 688
365 240
296 659
79 168
30 626
622 439
802 725
329 154
556 569
310 292
377 134
140 166
623 518
589 103
718 719
334 137
118 202
187 549
110 432
185 717
131 247
465 191
67 584
598 740
801 232
497 433
462 43
562 140
217 607
612 368
95 492
200 81
481 72
301 349
599 90
30 307
786 597
326 367
680 122
478 399
647 783
696 794
72 415
382 235
807 499
349 482
6 589
778 256
84 196
660 812
168 119
172 492
780 243
622 227
456 71
590 227
675 501
637 806
704 113
742 794
434 300
749 600
628 631
180 114
58 217
60 664
42 127
564 675
714 653
180 225
272 258
432 120
395 76
737 792
58 398
242 505
282 29
546 427
606 575
22 550
796 289
564 368
267 682
341 185
644 456
797 246
585 619
69 410
215 577
455 669
210 736
249 689
251 149
324 754
751 53
419 331
348 163
21 702
612 186
408 248
543 130
729 437
694 234
716 259
700 709
648 547
406 141
597 187
583 120
447 230
87 290
642 439
165 47
59 670
78 238
792 126
100 191
445 303
103 162
435 732
120 677
248 474
716 683
793 406
706 442
155 416
268 14
363 382
200 566
572 92
700 9
403 123
480 172
423 659
559 326
674 345
36 756
200 645
590 553
147 126
6 114
233 309
487 775
18 241
517 217
520 371
331 385
97 262
427 88
726 412
674 59
167 575
456 99
131 291
574 21
522 688
264 128
146 653
196 656
86 339
785 373
608 288
511 281
516 361
278 543
45 256
208 320
13 343
785 262
202 199
55 790
810 262
295 248
775 743
264 532
694 477
491 626
239 496
116 639
135 213
84 409
691 755
357 272
69 262
659 807
162 341
258 119
119 719
266 151
399 23
256 502
628 119
488 510
46 121
699 533
657 225
107 381
734 559
538 407
141 311
669 736
532 83
175 179
320 374
139 100
733 735
535 680
494 646
371 408
467 624
520 712
235 313
285 436
586 339
789 329
21 805
225 775
635 191
549 62
625 69
145 296
808 120
105 438
738 233
497 135
116 309
742 106
432 348
395 800
209 682
408 800
727 708
268 129
551 419
459 739
153 524
686 91
172 703
395 14
445 57
113 209
496 167
352 700
156 414
234 582
534 398
385 133
721 260
766 722
640 567
476 132
175 562
741 299
44 13
389 620
637 394
784 476
783 444
401 253
642 109
745 59
331 661
509 272
395 509
444 601
341 558
706 97
467 427
691 792
196 57
54 508
294 303
702 440
504 802
650 223
245 473
120 243
394 401
158 334
573 299
242 199
150 521
158 691
227 716
506 237
629 291
715 614
755 533
151 63
330 362
750 134
695 340
221 439
353 231
209 246
28 108
435 457
386 145
496 745
23 299
278 17
338 699
138 505
395 282
732 1
773 700
465 655
691 498
583 757
195 716
86 504
587 5
772 145
261 691
770 642
191 408
637 13
509 79
753 750
94 365
77 395
614 681
25 587
136 13
444 734
728 423
624 157
594 134
5 341
322 14
527 687
749 448
699 193
172 378
634 317
597 251
433 788
50 679
397 689
787 498
805 79
517 565
107 405
650 605
796 344
639 811
307 713
768 442
326 518
76 314
95 496
43 195
149 218
595 727
715 152
106 657
300 178
508 375
53 151
314 168
464 245
381 457
105 229
633 791
352 736
214 655
328 723
37 127
168 18
204 779
226 376
462 73
374 255
800 2
140 636
14 60
553 129
240 255
789 667
39 603
389 568
466 442
429 198
782 413
290 57
26 235
717 724
518 442
666 467
120 532
27 663
48 560
654 255
433 457
220 124
755 411
557 753
467 302
546 217
631 315
765 526
180 335
804 244
381 773
721 594
477 49
78 426
281 145
182 83
527 554
261 27
190 179
764 12
733 401
406 506
517 293
332 96
227 138
373 482
191 762
489 253
173 749
49 690
158 250
608 281
37 337
459 515
427 704
670 81
728 557
416 809
276 411
714 340
368 689
338 662
725 90
123 312
199 312
384 625
595 505
307 478
143 401
806 371
758 13
789 73
299 767
157 607
415 543
549 441
734 42
312 770
259 285
683 728
647 299
408 235
10 355
695 575
130 530
532 593
279 809
710 505
584 360
286 31
513 36
191 318
116 10
317 407
506 249
732 281
550 304
231 651
755 168
314 430
479 487
230 129
396 637
537 736
422 440
580 655
377 470
584 218
305 431
785 274
220 209
238 741
545 62
264 608
394 568
396 260
201 785
652 402
150 383
211 383
727 190
507 693
515 343
775 356
541 353
669 812
165 664
280 790
622 195
272 83
490 477
241 228
318 559
228 129
568 432
435 251
576 432
708 98
232 187
620 508
497 777
12 546
297 271
271 736
580 495
284 86
656 604
290 310
806 247
772 598
791 507
63 95
236 270
727 36
311 52
660 675
533 347
355 810
297 553
25 475
35 678
665 101
293 343
312 629
521 140
278 286
100 362
561 232
192 384
528 42
606 759
573 380
169 317
68 668
279 623
46 771
89 126
468 239
548 180
80 746
755 191
385 611
295 32
479 466
744 172
635 24
161 527
54 393
771 636
538 164
501 620
176 685
202 196
311 17
24 593
404 482
558 18
620 543
670 342
282 135
250 645
622 506
90 324
470 302
389 387
429 511
177 422
23 42
146 69
652 767
542 106
691 355
564 19
620 605
345 360
571 444
745 609
219 582
424 520
132 217
778 154
114 594
546 741
342 398
451 804
92 562
788 87
737 118
115 723
612 691
135 205
375 712
49 148
123 397
769 179
679 362
684 298
304 38
710 722
698 577
22 15
723 699
26 66
690 477
802 345
142 291
146 405
168 271
632 670
501 90
691 6
323 685
342 332
15 734
492 729
291 459
389 501
140 732
112 294
165 804
538 270
447 578
78 746
413 384
474 444
566 691
368 693
114 393
739 93
360 324
216 62
183 586
537 383
240 585
717 35
297 662
245 189
514 492
734 542
418 303
756 337
647 482
62 155
102 489
292 369
605 478
1 624
440 517
94 264
776 73
56 597
265 69
753 548
537 727
311 196
171 260
705 409
248 220
361 776
340 692
749 357
534 786
296 125
705 59
195 622
220 49
436 367
190 258
801 274
525 468
326 216
13 130
392 625
390 398
122 216
486 585
123 257
199 659
183 555
791 808
647 50
433 145
760 633
100 567
106 129
18 181
415 257
169 506
409 561
591 43
462 117
637 782
267 121
269 341
767 810
633 218
383 390
810 203
97 249
371 454
779 482
323 501
17 405
56 611
53 639
455 319
330 580
204 48
117 300
796 582
446 461
599 153
750 31
782 309
147 509
60 599
612 4
5 434
337 456
486 674
490 250
121 446
407 632
173 165
592 375
520 404
521 490
527 243
231 425
436 718
384 33
774 274
318 35
657 257
513 4
220 769
650 602
634 240
799 337
451 782
551 175
77 390
366 101
59 591
208 131
443 313
134 159
656 470
51 130
586 462
533 299
43 396
142 805
175 59
698 631
329 437
151 553
100 556
581 218
413 632
105 575
684 92
109 26
658 740
4 108
377 668
194 165
232 112
680 569
143 347
25 351
479 275
7 557
48 674
413 779
177 770
308 649
414 438
259 624
649 440
13 204
107 241
555 808
148 63
649 9
409 359
464 705
340 582
345 399
622 790
737 190
705 341
82 598
533 185
657 458
324 82
713 607
387 242
299 475
337 684
157 803
764 13
512 200
16 109
679 116
735 107
792 360
392 513
376 59
449 411
443 56
203 705
440 269
580 500
318 167
231 137
307 329
589 578
756 213
4 431
744 799
727 375
528 246
752 314
42 338
596 48
796 69
523 775
231 111
169 439
355 562
291 553
610 17
297 245
682 617
584 729
132 135
705 182
484 101
733 202
458 90
90 611
185 64
494 623
523 280
762 176
393 51
250 396
659 296
770 253
254 730
594 537
574 60
151 139
240 622
657 703
50 167
324 471
93 408
438 774
666 45
443 713
445 677
209 377
525 470
308 533
773 717
795 13
318 284
728 483
249 123
448 581
179 727
572 774
131 462
115 264
189 220
483 665
283 807
397 431
789 3
242 752
194 591
543 611
641 577
180 326
679 99
590 394
774 679
575 745
489 215
44 714
704 707
482 494
373 50
727 358
740 70
503 691
17 134
151 202
473 580
366 748
576 558
119 738
779 477
619 282
400 408
533 481
42 476
298 447
768 793
698 541
790 560
421 435
351 507
300 785
742 760
545 28
92 403
349 477
66 232
581 652
195 532
306 529
400 1
454 468
790 274
80 468
335 115
232 389
545 673
450 49
496 231
805 292
427 259
139 317
175 587
594 449
187 41
652 117
461 614
582 583
16 266
161 300
752 4
580 97
312 379
367 223
386 481
119 693
268 432
306 255
681 620
763 206
194 351
729 389
435 526
371 566
100 216
283 31
637 484
602 134
434 161
642 604
550 115
56 94
549 343
183 400
521 737
667 437
374 463
367 297
520 710
618 169