909 1194
390 580
124 511
660 696
625 192
41 777
476 598
233 297
357 751
606 656
850 818
349 46
552 710
774 17
217 899
768 266
288 547
682 642
232 409
342 753
81 343
851 777
11 740
900 147
517 764
72 492
847 448
703 591
465 578
297 486
15 445
784 58
205 232
835 285
723 480
585 517
894 824
112 209
223 902
83 220
622 144
686 190
389 838
772 850
47 798
84 532
756 481
549 760
609 162
9 528
249 251
534 551
849 793
425 447
215 699
447 896
112 594
190 102
751 748
624 774
409 291
110 357
261 528
837 486
351 604
827 364
3 472
404 750
45 28
390 719
904 534
335 753
476 371
706 250
394 744
1 21
767 38
363 209
231 783
91 426
756 158
716 390
122 392
782 289
657 131
420 259
422 598
140 449
675 881
441 521
862 518
120 94
696 595
57 203
52 840
118 845
763 295
106 781
223 197
151 87
860 227
422 350
269 49
198 866
687 739
288 712
570 307
404 422
155 261
881 488
461 66
434 524
327 762
541 851
170 592
895 431
249 397
46 641
481 179
562 563
491 603
176 212
509 57
205 54
156 204
458 131
100 811
681 346
563 575
435 370
732 158
642 178
424 225
876 378
348 279
23 194
146 464
641 904
742 557
641 519
350 592
901 611
106 98
137 78
80 362
382 372
426 890
886 428
620 902
475 454
49 364
795 529
847 644
322 58
553 255
257 810
230 108
149 748
468 164
310 864
64 826
799 139
688 16
11 894
8 76
646 252
94 87
860 310
713 151
340 170
669 12
676 780
700 78
1 455
148 79
323 132
676 318
641 372
213 339
651 743
232 643
181 119
477 125
342 269
520 206
395 851
218 320
718 487
544 679
621 27
393 778
175 198
479 90
883 823
278 444
383 766
790 42
486 272
170 578
858 53
186 134
723 508
27 283
886 248
705 398
383 805
501 530
373 796
55 579
455 318
267 797
188 34
470 425
559 420
859 738
65 734
242 672
328 800
537 241
626 98
369 320
543 697
829 138
578 797
809 220
629 451
842 591
813 764
52 668
339 726
141 595
769 170
487 445
815 847
201 108
204 744
881 98
672 424
864 687
749 505
772 463
424 768
65 206
602 828
203 854
380 328
175 564
225 104
265 651
768 87
106 385
352 188
255 867
355 467
180 813
525 353
180 215
83 209
161 25
76 729
363 233
654 167
491 771
714 697
510 502
827 589
494 833
789 319
571 606
207 371
61 415
337 454
485 188
725 295
750 855
514 548
789 760
137 506
540 690
744 440
399 215
578 521
763 391
551 588
116 148
226 299
585 336
312 170
838 216
885 905
568 461
128 671
302 795
275 315
285 111
111 623
569 284
266 258
734 76
566 706
663 671
153 733
240 681
544 301
624 584
649 790
903 590
598 211
245 847
769 774
502 840
419 838
345 213
462 503
168 890
405 440
826 723
379 535
181 227
334 618
297 718
435 582
129 446
633 742
118 622
413 736
863 383
15 485
148 476
432 273
500 603
827 830
230 700
515 231
833 30
169 793
497 857
31 651
612 188
425 46
597 192
449 333
167 689
355 340
6 512
626 63
321 104
886 402
446 133
659 786
322 773
269 778
290 826
863 604
34 656
813 110
326 574
488 417
466 440
47 581
239 714
642 44
292 885
644 345
753 324
655 241
147 392
899 783
699 634
130 297
790 564
889 549
384 36
47 374
337 596
327 627
730 258
714 750
768 69
207 7
115 886
650 608
713 846
463 199
893 111
14 521
434 737
168 132
868 234
249 413
843 761
305 870
133 720
43 805
815 451
490 582
574 113
666 812
895 812
537 658
835 755
695 26
612 242
417 669
573 207
161 225
739 661
356 572
459 452
135 879
306 640
270 275
227 55
254 841
728 496
522 19
344 538
789 533
714 527
482 333
179 3
648 460
41 683
907 306
810 355
492 374
312 114
93 582
395 775
327 783
456 204
343 732
114 558
420 535
710 697
805 553
50 218
742 611
401 835
712 29
415 490
68 306
820 114
266 669
624 24
503 256
54 450
57 529
12 544
377 742
18 562
13 410
80 267
554 350
422 830
275 578
877 401
515 83
108 458
637 206
213 113
736 291
85 259
909 277
386 282
6 643
772 276
232 514
595 550
717 881
56 725
239 117
791 654
89 832
43 115
187 295
908 401
328 146
245 592
316 672
728 566
450 197
261 643
363 763
96 471
703 425
105 258
401 711
901 781
607 337
894 381
757 305
207 403
175 110
629 707
841 159
610 837
197 904
224 380
98 208
438 825
445 463
68 137
322 732
462 488
704 806
305 352
636 60
181 317
370 465
158 550
486 130
102 343
283 683
894 869
844 730
825 354
871 11
885 684
258 772
577 372
760 724
451 760
693 281
75 644
817 231
818 315
483 733
137 32
569 858
804 282
768 427
797 535
849 150
590 181
784 654
601 387
495 592
542 217
38 878
660 154
595 638
786 195
271 535
79 395
298 368
893 756
598 47
850 36
605 32
381 267
573 382
643 51
809 223
508 143
743 267
894 614
849 657
114 577
57 842
47 315
164 551
898 700
244 323
805 678
464 488
832 664
487 359
550 259
107 506
864 128
105 30
101 437
767 217
115 444
238 290
363 580
584 495
156 158
609 98
187 180
801 684
871 570
811 40
87 438
505 422
429 624
723 69
246 708
581 175
155 286
351 281
551 816
206 630
320 531
23 51
170 517
385 131
166 583
91 489
856 28
580 338
270 889
118 431
119 867
118 770
595 547
229 865
690 95
790 508
307 330
584 724
874 867
794 428
371 878
242 448
410 878
83 194
794 800
78 69
152 881
370 536
261 839
136 735
661 333
721 352
72 417
497 67
607 201
28 558
696 503
392 822
157 426
604 442
848 312
224 61
466 618
534 249
595 169
572 368
152 721
146 174
353 206
421 120
757 349
661 146
257 869
101 630
44 427
222 382
756 357
297 797
257 75
784 685
707 270
319 764
71 686
516 692
66 732
527 336
871 413
812 146
670 529
531 473
81 23
455 897
710 535
849 112
467 577
860 791
282 57
595 492
324 105
567 63
452 850
760 819
537 652
200 798
551 831
147 205
619 504
629 890
78 43
256 72
504 853
180 238
777 321
887 254
798 128
741 496
204 73
88 710
699 633
745 297
151 201
791 213
662 135
300 203
221 121
299 172
709 905
773 259
41 814
317 733
58 705
658 224
491 392
190 884
569 856
117 375
508 121
651 227
46 102
59 744
10 469
468 723
96 708
618 247
799 264
363 141
374 278
342 514
136 109
396 251
382 732
537 262
457 848
561 212
395 285
609 613
718 26
640 375
493 648
472 358
860 257
473 291
593 270
229 8
646 393
521 340
780 288
35 884
865 167
656 865
664 483
617 636
671 98
836 834
242 451
165 887
63 704
634 652
238 54
838 425
899 761
604 734
370 130
618 103
252 522
237 708
829 767
770 554
677 564
281 66
293 535
575 654
640 252
827 832
478 780
166 754
854 344
515 566
660 120
245 885
891 786
849 510
346 540
391 18
587 99
303 220
483 351
275 898
195 872
12 510
521 196
792 523
440 322
356 586
536 755
295 597
643 140
907 107
746 145
815 3
280 859
748 864
687 223
590 621
180 352
239 588
721 280
361 523
499 492
165 145
535 620
1 134
399 878
343 679
156 563
550 462
214 131
901 165
632 327
701 497
834 671
92 5
732 759
784 839
402 666
184 537
642 352
385 488
17 147
531 227
114 9
255 281
482 553
64 650
801 363
648 5
261 829
845 224
702 140
681 416
580 148
527 344
379 718
79 139
508 221
797 617
307 514
706 289
730 290
885 158
685 785
326 866
264 413
397 669
688 180
359 444
758 380
816 461
55 367
579 312
742 164
246 153
601 446
86 728
375 721
269 110
788 543
666 54
630 901
864 434
10 79
365 892
101 815
283 203
623 324
812 641
516 223
144 216
71 104
22 768
35 741
190 332
124 351
647 181
242 413
447 103
467 391
771 714
513 567
479 122
422 244
523 801
734 432
83 580
11 53
664 321
369 528
217 803
196 230
702 873
299 877
43 871
500 780
49 265
88 337
869 178
321 239
36 17
277 116
457 60
347 781
797 672
321 424
734 836
542 857
861 271
14 203
567 883
892 324
120 686
148 337
40 652
379 25
142 552
838 532
11 523
164 561
385 412
796 714
489 549
523 146
840 526
292 764
96 794
581 240
847 323
896 38
706 301
626 422
130 830
606 772
167 608
475 483
683 736
491 71
745 513
419 198
649 514
862 540
777 886
104 426
635 461
565 311
351 548
120 547
178 339
854 584
637 857
144 883
153 355
454 80
902 485
53 409
613 842
45 685
568 658
675 173
607 252
512 627
478 872
275 900
90 220
828 360
796 629
174 780
307 98
175 61
394 564
746 889
447 642
80 600
767 640
74 668
127 746
562 768
375 676
319 679
902 299
237 682
339 206
145 297
731 325
252 504
32 68
227 187
6 652
197 53
552 664
906 404
664 882
73 495
488 65
603 83
534 485
216 882
684 306
171 84
326 24
351 441
502 107
483 796
388 272
727 728
330 220
688 39
418 58
736 33
672 278
876 347
480 788
591 803
408 859
216 252
405 49
288 817
357 401
703 173
237 201
194 364
643 710
749 30
493 873
349 228
442 402
571 60
65 720
557 771
335 433
744 825
568 254
711 311
312 616
455 58
330 106
65 730
505 604
127 590
594 882
786 443
769 17
193 349
121 770
234 484
149 255
142 719
44 414
837 505
280 253
375 6
660 356
301 115
495 535
246 500
758 441
569 867
376 765
9 33
454 477
314 616
896 313
548 513
588 339
438 847
642 809
339 568
569 301
152 835
582 418
535 527
906 304
527 772
589 9
371 106
362 639
18 192
620 527
647 544
802 306
179 80
566 844
300 10
583 237
259 519
229 237
693 707
155 849
186 484
609 903
32 457
227 761
320 738
450 319
812 398
718 459
60 543
681 499
756 3
444 528
624 521
321 656
902 422
643 340
42 882
157 570
490 846
149 650
826 807
901 545
283 105
483 375
679 422
829 721
226 428
782 860
75 144
464 139
190 610
335 696
35 150
417 181
160 57
627 135
564 511
894 834
697 262
330 761
677 371
519 868
637 196
232 157
634 100
497 76
125 761
205 564
128 108
384 317
225 641
463 473
734 288
178 375
637 529
630 394
350 757
896 116
814 211
768 445
708 836
367 288
124 131
274 308
858 840
139 166
168 668
91 641
636 858
134 783
360 889
668 670
26 206
704 607
856 830
226 447
509 105
250 861
678 566
535 359
80 822
563 899
634 266
861 660
875 224
487 661
623 375
127 754
94 814
265 514
568 604
751 565
795 388
579 498
45 752
570 812
257 658
317 144
139 58
83 537
162 377
847 841
134 411
423 22
492 470
