1000 9874
195 463
693 340
952 338
751 66
717 110
117 866
405 616
237 201
169 953
406 830
946 803
564 537
379 24
790 912
543 980
804 852
659 43
535 964
721 422
407 305
155 280
193 77
123 396
843 919
794 969
558 654
795 808
522 672
790 193
199 960
717 515
921 406
334 857
706 308
69 468
531 323
990 100
520 208
5 552
789 695
269 99
571 751
329 200
221 426
774 960
204 696
667 48
118 978
529 55
396 106
783 590
644 768
645 617
81 680
743 378
211 93
984 347
134 214
107 476
165 692
849 675
248 214
395 179
13 733
589 801
419 65
639 121
706 875
121 313
214 878
710 803
931 82
680 338
992 68
901 886
315 489
390 261
760 281
927 38
234 139
306 556
769 140
888 334
348 151
186 118
647 167
409 781
980 604
196 67
437 167
275 692
718 200
557 182
10 139
752 732
671 178
417 155
56 965
330 588
828 911
355 627
604 870
56 948
533 430
178 314
225 791
216 698
678 564
845 477
717 493
344 379
88 628
803 569
454 551
99 340
940 390
100 251
474 604
394 622
68 601
329 735
237 62
282 719
762 734
912 729
326 271
18 84
833 265
296 334
700 579
78 944
317 72
155 405
691 327
2 480
437 991
313 737
212 465
749 342
2 403
113 444
151 54
299 712
332 708
1 553
790 363
205 777
204 732
499 532
288 655
184 848
629 418
740 845
120 846
982 774
842 189
135 768
176 895
177 10
576 496
820 507
154 778
943 526
323 881
654 727
453 510
699 506
334 19
409 888
709 205
740 277
608 944
152 982
685 84
153 323
626 556
54 13
112 926
976 963
426 428
688 87
746 213
683 539
802 50
803 759
842 851
906 244
553 270
682 927
99 739
996 115
337 682
670 244
674 235
531 846
769 709
162 502
612 419
651 537
275 253
521 245
631 246
776 842
246 272
416 933
150 543
290 821
478 54
80 385
544 16
891 843
505 244
18 971
476 563
672 436
396 204
986 540
261 461
757 863
353 169
541 558
389 705
619 850
748 118
736 598
364 367
936 120
700 497
539 53
199 792
675 725
641 965
285 471
861 162
25 296
334 290
417 662
537 712
870 356
685 261
581 180
508 576
879 563
331 813
760 169
687 440
653 376
432 68
31 36
803 87
131 594
963 105
723 396
157 462
984 928
951 228
862 878
700 488
337 202
768 780
660 266
771 659
725 876
101 2
102 805
820 592
897 217
21 321
243 337
450 141
803 659
294 282
793 393
775 361
356 39
746 491
731 85
159 708
164 241
925 13
567 539
697 86
113 943
534 867
683 103
392 76
47 916
428 890
782 345
950 531
455 83
818 597
545 139
928 253
676 335
126 774
786 247
164 551
661 725
976 166
367 756
316 874
122 169
543 785
437 998
773 796
718 710
136 431
563 328
411 247
350 488
614 789
445 300
856 109
31 567
876 16
472 374
904 803
583 269
83 284
439 419
259 201
886 456
553 99
704 117
856 139
89 540
805 894
628 695
450 78
59 372
22 120
171 862
38 820
154 160
83 122
140 979
213 643
680 232
148 454
277 166
261 865
813 436
747 176
511 587
862 643
426 691
906 761
29 630
158 778
489 81
417 412
497 590
831 545
928 328
672 890
9 667
876 762
932 676
3 648
868 570
158 36
661 83
422 617
988 274
634 823
360 480
731 147
186 529
773 410
497 825
635 639
462 713
564 561
853 594
860 420
972 814
955 600
329 752
321 356
341 873
200 712
330 667
26 979
206 637
565 58
458 390
789 578
637 565
332 509
393 305
200 773
184 138
38 229
78 810
9 993
84 419
691 765
320 329
672 30
468 945
749 480
914 796
330 958
453 33
921 753
959 581
15 854
782 966
662 552
624 733
261 727
716 91
1 716
938 595
260 635
559 1
905 618
325 155
880 206
326 312
316 434
779 554
266 587
893 584
197 81
839 934
879 917
757 41
359 253
771 815
993 131
471 234
957 552
196 430
261 541
549 494
163 63
277 43
257 80
28 947
323 805
100 925
436 588
719 711
628 472
868 591
906 876
471 90
181 529
627 224
854 537
196 211
949 827
76 441
152 89
872 296
858 327
713 600
243 265
746 400
242 115
261 59
50 364
177 380
938 209
170 103
321 241
712 510
859 369
330 609
242 341
740 468
333 618
553 323
644 274
251 392
166 165
499 840
631 51
486 582
255 448
581 865
758 434
541 472
748 252
538 847
38 370
702 36
468 171
415 364
74 46
679 767
690 148
339 958
486 819
128 725
258 40
461 623
982 825
257 864
222 920
975 122
13 355
948 770
59 45
496 961
581 96
158 819
250 688
824 939
904 770
635 590
484 389
107 630
116 200
558 291
251 611
358 261
175 977
125 6
399 140
327 974
718 37
208 350
116 895
669 511
944 34
51 824
94 894
521 568
742 878
102 649
638 815
632 388
377 795
91 809
612 477
262 744
51 583
551 178
612 428
275 934
82 895
892 172
506 339
482 997
398 75
626 64
185 382
429 170
88 879
506 450
288 113
255 205
458 289
848 857
351 190
961 414
640 1
415 925
622 863
113 690
626 290
98 139
977 660
796 72
301 720
17 119
844 380
282 885
635 321
344 166
364 217
383 79
404 704
80 672
444 193
688 943
626 179
838 497
469 626
677 61
918 852
348 869
519 846
874 429
107 22
872 42
533 734
374 558
505 311
583 468
606 911
295 652
63 688
870 768
28 725
582 148
222 519
861 216
951 118
955 115
203 824
84 595
675 16
949 593
287 862
680 442
129 84
239 177
849 293
479 742
779 62
116 401
413 788
577 641
665 443
522 276
251 764
885 641
399 681
998 480
980 875
450 138
722 753
989 739
195 684
793 392
83 773
685 746
7 898
377 823
445 886
893 263
6 318
449 115
497 463
904 281
977 837
968 640
473 102
972 120
848 182
42 245
830 106
338 860
818 594
29 281
293 388
757 623
630 407
505 612
445 73
763 50
446 738
144 956
825 475
844 273
723 672
207 499
136 336
529 303
485 937
349 613
57 200
94 67
757 897
745 969
464 860
235 923
199 764
888 575
67 675
762 88
879 677
326 623
662 879
845 981
961 934
339 118
325 55
201 121
357 614
139 319
379 914
261 548
608 684
188 516
115 908
187 43
690 446
549 457
842 325
149 987
997 679
709 243
481 691
327 880
642 172
590 782
24 363
165 131
410 536
429 332
638 58
675 12
146 699
662 282
391 784
621 797
766 222
517 738
96 316
719 716
759 947
979 627
512 494
445 568
483 509
484 2
836 319
105 307
164 896
536 19
938 363
830 341
959 51
211 827
124 104
143 38
333 756
657 658
806 317
848 3
687 522
486 496
378 350
878 419
369 953
632 777
924 223
728 456
571 914
934 32
350 171
687 596
230 973
726 966
985 72
549 887
71 247
678 37
826 792
973 663
334 863
192 948
758 406
639 496
437 874
442 580
904 881
501 39
66 516
70 915
523 905
131 64
49 606
978 549
740 964
227 747
121 108
783 584
642 332
511 163
408 618
500 144
12 84
948 696
992 888
791 194
283 387
690 467
840 444
535 217
84 693
177 125
968 320
681 573
77 412
580 309
928 958
234 137
287 897
555 753
560 777
813 185
964 59
505 954
879 328
691 356
337 17
580 235
552 588
242 910
891 622
524 402
608 355
38 634
510 647
703 892
741 9
17 957
643 897
551 824
55 937
413 367
199 354
551 137
184 73
428 684
982 15
12 947
588 146
717 882
184 167
592 228
961 433
18 82
181 518
991 117
333 843
140 449
964 947
992 728
420 849
369 959
408 825
151 195
923 106
340 8
342 618
400 173
815 739
274 650
645 425
862 370
559 183
781 217
322 670
161 772
956 65
829 205
832 223
878 68
10 823
434 855
550 361
473 651
314 641
183 904
88 492
28 579
323 597
487 478
221 174
723 148
337 433
62 806
546 679
748 321
969 52
184 944
979 89
908 401
358 472
92 44
681 537
903 142
337 339
107 617
929 303
720 668
37 846
595 172
870 470
216 971
774 675
111 982
918 952
543 453
980 737
530 804
516 899
635 585
285 102
511 412
306 899
884 500
704 786
191 76
486 618
639 999
130 843
4 983
20 459
192 560
321 220
304 254
125 570
327 418
460 257
83 966
997 486
263 870
120 44
179 347
810 27
114 700
995 29
815 366
672 232
69 648
761 753
273 115
75 43
757 571
682 352
187 578
843 976
781 364
657 166
783 482
218 640
738 75
739 510
209 963
526 384
430 21
991 668
758 185
376 359
339 93
691 240
966 74
365 849
663 110
701 791
595 268
117 208
937 382
32 674
689 832
927 474
984 644
343 643
571 356
572 923
3 496
206 137
478 658
392 837
694 354
572 778
828 764
212 302
599 547
525 700
413 866
659 886
362 794
662 383
849 292
703 577
245 975
389 282
957 185
381 925
4 615
703 807
601 677
945 747
51 644
569 327
471 355
882 134
276 883
243 448
190 217
871 706
674 154
582 883
881 326
94 629
132 338
869 493
356 176
184 1
152 735
669 6
514 969
752 580
445 215
230 855
708 579
531 74
308 337
700 595
94 294
170 350
136 450
635 14
545 890
907 895
336 290
471 788
807 670
802 166
518 599
596 403
526 66
505 150
142 331
734 481
520 55
689 672
192 984
376 995
387 123
913 24
493 409
609 656
391 425
645 626
634 415
467 44
196 662
588 636
365 821
991 513
889 203
482 627
214 982
490 6
963 583
595 409
36 850
943 595
16 210
609 53
758 982
10 432
729 716
955 158
194 548
591 958
106 337
498 366
794 643
172 243
580 240
712 8
753 200
181 331
128 73
256 62
917 199
797 657
211 988
30 96
656 575
987 15
464 64
561 870
713 563
590 203
591 566
1000 33
157 20
68 721
713 668
697 7
56 249
718 701
303 431
949 215
209 574
906 492
29 331
341 73
252 372
604 705
473 65
536 929
226 795
213 620
338 833
873 736
288 186
770 754
863 453
421 692
387 190
596 576
909 285
896 463
978 768
49 540
17 62
516 16
38 340
576 811
39 997
776 189
562 338
321 704
268 457
948 411
92 517
199 739
701 125
369 764
297 367
316 477
372 821
880 192
457 17
502 748
558 841
196 650
69 132
452 796
681 258
341 802
80 919
267 353
32 746
253 856
356 191
885 147
297 666
980 377
966 700
842 358
663 372
379 671
529 624
695 7
219 886
384 161
122 918
68 113
247 922
608 6
420 732
884 243
280 97
187 635
102 784
797 239
827 341
719 675
722 133
650 486
196 799
253 269
437 70
464 44
337 818
525 823
643 896
627 433
510 791
80 92
850 624
877 841
950 703
99 442
941 223
981 859
251 114
143 426
612 25
5 437
872 230
490 873
696 84
130 902
887 54
209 683
415 806
549 665
354 91
209 708
144 901
950 973
914 153
352 632
170 697
279 9
389 601
429 924
178 156
10 286
342 619
260 970
598 408
876 90
235 98
71 817
550 287
865 303
205 774
847 363
403 834
481 38
875 146
966 111
126 280
218 975
49 802
810 523
775 527
942 4
171 230
490 463
7 310
525 437
31 188
104 435
79 160
173 91
432 91
112 408
400 761
991 895
280 863
942 539
840 183
409 813
699 108
276 395
727 501
50 712
898 442
916 74
935 286
278 398
485 285
603 406
897 355
539 910
153 333
119 328
307 578
204 458
226 526
371 587
65 948
526 96
485 511
75 383
499 178
165 322
388 39
616 184
982 411
714 749
702 10
687 690
711 200
499 806
596 632
139 841
451 971
480 672
865 617
960 323
562 651
230 613
88 62
753 828
37 203
652 408
789 246
456 689
628 559
495 752
496 690
411 443
307 475
810 751
81 757
870 951
714 387
272 242
97 387
23 895
4 631
417 516
73 490
510 177
651 271
543 245
836 399
567 147
571 212
202 593
503 456
281 358
319 506
357 179
961 810
286 241
733 824
183 283
573 687
908 887
154 527
836 39
488 845
881 906
521 713
370 145
82 285
630 958
891 462
357 486
362 588
428 599
195 356
878 171
73 768
726 458
646 221
428 742
447 191
164 844
55 769
959 255
640 309
513 569
553 628
57 869
603 122
401 531
53 401
41 441
260 221
709 778
105 802
974 151
313 685
596 412
722 947
778 993
984 182
469 306
127 266
772 107
771 376
809 973
296 152
723 531
170 625
190 151
231 344
804 752
183 661
903 764
549 4
71 448
554 938
921 421
391 313
309 848
700 7
396 416
201 200
366 658
19 955
97 431
380 570
253 804
839 733
309 626
36 286
954 377
516 512
206 234
324 17
613 989
21 31
412 865
194 549
237 641
777 738
245 930
194 125
750 705
72 424
860 129
790 924
719 718
279 953
357 393
622 511
824 407
471 401
159 809
3 939
308 242
437 402
955 605
872 889
483 332
485 422
567 865
552 799
402 922
459 215
756 615
595 675
337 759
674 814
844 194
664 360
445 137
640 273
878 417
181 703
19 204
4 971
132 85
26 752
877 23
866 220
131 279
620 319
160 485
415 599
334 861
340 246
87 779
770 533
717 656
196 981
970 252
481 25
64 111
266 743
643 532
486 778
969 316
54 590
18 560
59 292
921 385
250 441
639 161
948 698
435 617
683 791
956 157
595 455
723 250
88 387
343 725
749 946
296 688
775 712
121 317
726 467
845 516
296 607
261 723
424 478
154 933
719 780
914 939
561 38
944 426
963 342
824 752
200 138
142 200
864 241
239 235
846 1
522 347
957 888
90 889
306 778
200 281
267 169
138 211
216 783
267 957
445 398
384 895
423 54
941 565
356 107
543 257
160 982
435 672
668 16
741 152
707 8
47 619
13 647
512 234
398 451
147 65
80 236
669 92
857 292
565 27
124 253
790 944
303 63
100 886
892 250
655 14
108 297
548 990
221 966
846 671
759 74
299 552
696 196
308 266
240 192
792 599
44 976
679 432
781 501
559 949
697 734
558 537
260 804
871 967
875 374
291 966
93 498
893 11
320 899
445 337
395 612
396 187
688 973
184 741
279 238
193 617
360 388
236 329
240 652
331 551
903 597
939 932
410 154
432 382
175 414
287 176
568 570
917 713
315 43
10 535
139 377
712 645
969 58
219 951
914 749
241 851
348 81
774 605
116 53
957 585
63 750
379 717
875 832
272 437
520 667
763 477
85 915
92 221
721 747
189 949
940 915
229 468
539 991
989 506
315 727
9 384
447 498
33 282
569 696
347 166
202 879
439 590
498 6
65 617
210 402
102 652
237 875
399 236
521 398
545 272
376 659
753 405
958 804
940 471
68 554
198 745
494 194
753 358
699 664
920 859
981 894
708 986
513 732
91 968
203 146
648 869
118 291
850 47
456 773
308 383
735 176
916 638
921 908
756 893
545 860
450 664
514 773
677 375
53 908
661 814
79 557
632 946
726 780
675 874
126 712
473 858
424 114
887 315
715 706
123 662
531 383
899 227
295 986
611 173
100 686
486 835
911 584
878 917
605 377
3 71
41 792
813 682
874 424
163 269
329 21
453 451
439 456
338 221
583 465
59 221
296 761
686 42
548 15
788 638
36 251
920 430
314 901
654 695
269 619
550 964
475 186
702 943
525 698
619 291
894 107
928 855
394 31
718 4
223 750
775 71
390 227
655 541
807 551
238 489
220 652
191 29
786 559
873 969
38 896
739 533
171 97
392 274
66 345
939 212
602 93
950 757
151 720
760 583
878 27
446 391
277 923
118 271
874 953
605 823
252 705
606 496
754 319
41 440
740 382
264 153
74 639
428 812
71 12
679 461
540 53
155 81
799 792
360 753
92 908
808 357
694 563
706 348
139 709
194 475
311 451
973 978
486 879
857 841
222 272
418 519
279 278
787 178
654 454
611 935
443 41
634 268
729 560
13 343
225 209
561 351
444 437
504 408
418 856
550 913
366 514
594 801
277 19
150 259
667 919
945 73
766 483
489 85
555 662
572 808
149 73
334 79
484 344
68 31
175 805
182 3
898 496
591 365
244 376
617 994
135 507
430 717
362 655
556 139
171 431
246 865
764 998
536 487
763 778
560 477
65 593
194 887
342 423
409 748
536 22
665 694
1000 35
195 223
753 349
592 989
275 91
800 778
737 365
747 943
739 65
544 271
288 77
394 5
901 149
939 366
298 378
908 759
198 467
74 709
919 465
711 192
906 148
781 464
217 251
471 826
972 602
478 242
26 403
93 457
990 105
922 713
539 243
406 69
670 799
801 732
804 277
786 264
127 190
364 284
37 130
828 243
378 980
905 622
58 514
370 816
442 421
740 854
504 214
867 229
437 55
135 795
905 840
395 182
782 518
400 768
421 918
318 818
357 1000
33 930
145 988
614 192
999 318
926 535
949 613
785 524
879 740
722 97
281 349
907 49
157 434
103 474
717 346
214 444
641 126
666 735
906 74
780 615
929 315
911 511
197 691
475 817
424 829
519 138
679 745
157 69
472 553
532 119
125 799
682 932
649 309
100 17
636 419
85 419
638 529
109 477
330 538
189 453
635 571
707 408
998 649
638 608
622 101
380 336
200 726
330 621
494 472
398 328
806 581
985 399
566 636
751 688
848 881
977 531
799 946
4 711
860 968
579 624
560 709
403 614
813 931
106 569
493 531
524 553
741 853
643 141
936 227
374 681
305 886
199 598
334 715
795 375
619 139
838 171
141 345
558 158
112 471
754 922
595 482
890 512
15 805
396 361
36 192
827 183
439 133
442 155
336 618
577 556
248 102
886 550
396 760
605 118
479 244
955 107
187 197
400 522
220 395
849 317
8 875
465 52
393 727
985 781
148 79
930 9
128 51
256 248
275 324
496 953
997 47
581 672
384 860
815 823
321 439
765 436
252 105
270 376
459 257
48 600
123 252
930 346
644 476
259 630
117 982
437 747
502 793
431 284
968 616
553 542
347 613
122 815
308 206
602 501
30 634
587 363
960 679
251 382
70 726
184 309
722 973
687 813
778 971
174 720
106 650
178 815
13 908
274 346
169 432
634 164
248 599
669 611
191 739
857 963
382 934
784 802
531 495
92 719
188 218
740 927
377 151
325 95
933 272
884 706
667 876
335 10
709 505
254 478
861 46
614 430
671 829
103 175
663 329
814 975
374 966
33 618
414 441
520 696
171 676
962 681
138 295
374 881
92 162
590 929
295 383
208 431
987 183
290 93
323 886
702 654
171 322
688 104
427 988
266 466
765 118
983 163
64 592
545 809
800 513
698 246
821 437
642 520
974 333
171 96
871 767
622 195
110 23
843 663
235 969
955 672
371 553
378 471
540 737
192 543
776 390
531 990
420 551
743 827
928 242
839 484
967 179
330 820
437 624
442 842
776 941
989 459
9 857
339 574
946 490
550 232
18 921
570 666
40 865
943 427
729 123
801 582
251 395
466 282
979 511
395 361
801 567
14 327
770 958
438 592
277 606
294 532
154 395
600 119
249 15
175 371
325 162
828 95
546 776
585 886
490 498
300 333
112 384
520 999
467 218
547 398
32 705
73 59
864 282
735 521
979 59
796 643
82 735
128 959
154 752
665 200
645 930
957 624
738 828
785 551
435 858
96 210
194 547
641 884
119 427
127 575
900 278
813 226
194 594
944 238
768 924
55 720
593 137
959 430
742 810
266 345
195 437
986 456
489 656
698 324
773 278
427 169
111 350
702 510
96 653
25 647
835 370
13 754
195 723
159 820
845 277
815 461
507 178
271 319
330 729
661 643
204 242
332 319
298 379
706 108
375 379
235 716
640 642
680 623
255 641
56 329
983 499
814 167
624 828
969 507
647 854
890 211
781 288
321 530
677 159
201 686
18 780
790 470
113 394
645 433
848 579
335 319
356 890
785 54
970 250
350 344
515 54
566 190
672 352
527 546
334 295
837 251
452 799
774 753
949 85
554 543
370 640
225 131
623 162
745 596
139 351
418 778
331 795
937 629
653 298
930 364
483 833
279 648
1 298
417 435
367 435
25 182
957 773
689 111
190 107
567 74
128 185
37 807
225 591
651 55
15 644
931 263
633 55
777 621
507 274
785 958
972 760
95 635
646 121
828 884
190 261
485 375
713 556
697 183
555 177
639 975
380 226
401 419
226 728
243 554
155 732
34 723
381 648
494 473
136 163
281 867
670 444
820 73
414 766
695 795
173 865
445 28
394 842
325 550
752 286
184 282
460 511
777 267
892 474
846 278
718 950
331 362
524 603
190 675
49 573
504 492
468 65
363 157
491 96
535 309
886 107
703 751
639 353
771 451
330 177
884 632
810 615
154 451
942 408
984 398
44 534
598 633
913 775
370 676
775 665
620 880
72 806
571 348
63 744
879 228
887 778
728 689
159 5
21 228
576 357
405 133
603 604
141 651
827 404
31 565
225 506
945 993
641 40
422 603
224 830
354 869
850 926
913 706
104 772
858 437
752 912
34 51
935 156
132 580
997 838
582 760
113 859
321 499
7 917
670 111
998 584
301 760
251 620
460 528
642 724
116 649
766 157
57 293
545 391
113 262
97 921
275 146
648 920
191 302
433 830
821 227
62 217
688 536
851 948
415 779
34 614
716 78
917 677
574 116
441 600
995 1
744 799
109 883
350 103
753 124
429 620
395 676
30 789
126 718
809 982
847 554
299 820
1000 583
17 251
400 141
364 214
662 725
404 717
444 222
856 6
620 39
748 108
930 993
96 457
442 491
874 761
146 547
288 569
14 587
936 13
576 52
426 935
188 842
676 439
883 525
735 532
996 788
888 373
7 279
724 219
27 637
447 604
11 304
470 663
72 834
288 911
99 25
625 682
898 200
496 994
599 590
17 819
840 327
918 894
809 796
6 868
878 431
564 918
638 3
975 744
244 358
816 175
945 781
341 652
312 510
208 319
116 856
716 656
780 601
256 197
925 635
977 13
561 846
506 559
630 970
422 289
850 676
121 928
547 668
237 222
159 522
927 631
644 433
845 368
223 172
795 551
374 674
924 833
127 3
583 700
157 82
126 953
17 667
352 854
38 986
705 854
321 45
322 286
436 266
458 334
705 967
647 988
946 491
393 505
748 803
364 20
479 310
830 841
833 59
710 483
514 662
36 758
627 855
834 391
13 529
313 908
596 381
908 785
876 282
651 660
919 889
257 897
420 75
331 528
593 837
943 889
432 372
400 919
40 446
316 283
956 483
563 778
488 720
639 31
115 915
812 257
746 851
215 500
605 12
173 613
866 600
728 617
141 578
805 555
707 981
67 306
230 162
750 597
186 460
354 954
727 383
896 211
642 971
174 434
152 67
389 378
889 756
488 59
876 918
95 976
739 674
407 442
604 776
205 727
720 277
539 843
226 578
940 654
693 206
753 339
151 758
606 156
512 176
821 170
270 160
753 300
237 83
442 503
450 828
127 811
15 148
878 420
915 410
644 292
341 454
14 84
532 401
754 289
717 939
247 205
173 653
778 561
155 965
913 222
701 151
922 676
355 327
174 777
549 963
736 822
790 471
296 119
64 243
839 894
284 805
447 801
417 886
79 938
800 994
54 764
240 754
993 20
761 48
102 200
908 27
508 535
24 686
887 801
563 663
605 16
724 898
438 22
693 765
896 401
992 458
451 143
768 859
76 544
665 453
404 31
610 930
119 578
599 852
107 942
268 108
522 297
397 835
996 247
302 960
375 794
949 39
381 421
132 391
406 866
137 495
488 309
821 29
111 381
60 737
811 91
668 480
156 140
251 118
512 156
398 113
374 68
137 201
365 147
991 227
761 694
131 372
104 803
585 753
568 385
416 894
81 223
978 992
394 945
213 769
195 778
913 75
109 944
869 886
908 842
507 669
999 55
938 561
9 429
616 683
161 199
122 316
50 49
969 477
272 123
887 999
121 252
158 539
710 100
527 694
384 500
735 563
495 958
443 83
814 70
317 630
818 189
93 592
550 588
221 218
131 750
150 350
652 52
174 336
103 282
380 637
839 678
20 702
202 569
516 206
131 639
280 931
82 19
728 545
751 463
163 174
534 419
867 950
746 77
324 507
256 75
275 729
439 986
107 130
251 726
272 741
690 903
142 538
717 94
185 53
973 52
846 770
152 298
601 765
798 929
929 182
824 348
222 849
117 803
963 883
276 954
351 390
743 896
501 565
797 232
306 155
974 561
476 885
223 216
703 194
904 65
378 2
530 135
980 130
757 518
518 620
654 92
216 72
804 585
933 171
662 635
442 662
745 983
959 667
304 667
877 510
698 403
222 205
45 684
760 455
467 166
235 66
667 241
637 803
193 586
235 211
405 341
795 341
709 487
214 975
452 848
399 875
409 3
139 358
696 793
306 397
555 798
277 252
707 619
390 309
449 879
6 619
582 281
50 902
314 115
854 889
492 986
356 334
632 89
301 936
293 872
240 458
93 518
884 311
461 34
9 417
941 344
821 258
803 267
695 361
272 705
916 106
848 352
276 137
495 263
122 653
854 714
357 482
216 714
158 237
821 435
470 195
366 16
560 606
545 305
218 11
118 517
73 772
661 395
80 376
493 4
425 380
388 112
941 796
229 538
144 660
677 566
768 510
114 330
578 477
463 589
308 435
808 586
167 421
619 632
756 143
736 956
843 112
899 802
859 497
913 572
670 412
616 438
193 155
930 800
679 607
22 934
830 985
300 700
322 592
737 695
311 476
614 671
514 441
128 740
553 69
438 961
830 571
265 865
568 518
254 361
342 854
455 946
927 276
426 610
890 639
214 858
839 729
182 228
771 841
24 706
153 482
525 330
676 970
6 833
10 268
824 728
842 545
519 509
711 917
660 309
113 512
275 273
292 721
332 998
629 584
285 526
836 406
86 733
695 333
963 45
926 163
488 75
911 277
36 510
220 514
904 477
557 509
741 96
145 982
143 44
879 246
898 819
117 795
134 481
262 682
29 213
341 227
103 964
878 58
200 701
312 983
832 629
939 210
804 977
446 422
252 369
708 456
540 886
744 969
619 727
433 726
620 346
919 466
540 997
338 585
909 280
17 416
990 989
882 762
187 528
338 604
46 596
213 876
360 720
108 118
992 673
630 880
421 351
577 25
687 84
435 335
889 392
925 880
784 648
10 419
93 232
760 411
844 687
616 735
640 242
107 468
438 860
349 399
399 675
610 276
22 398
923 625
410 420
874 129
903 633
269 607
662 222
824 223
421 868
775 853
806 949
419 287
974 214
140 675
882 406
720 581
718 208
684 416
873 198
281 467
158 11
395 375
15 646
38 631
208 248
465 896
176 358
531 604
604 894
312 294
976 253
924 629
346 525
814 942
800 698
177 797
169 925
762 516
692 495
308 496
347 538
740 467
317 382
655 10
169 530
169 191
846 739
929 725
70 745
91 654
485 409
402 303
943 508
47 171
765 834
325 949
108 459
236 16
84 172
835 684
433 476
688 954
856 44
72 763
734 77
737 767
478 271
64 79
121 18
650 771
692 577
382 875
883 642
267 660
475 754
70 196
509 380
994 606
224 244
533 933
606 805
160 885
478 696
197 848
539 732
846 327
404 222
866 513
296 794
614 227
928 976
763 907
788 324
205 470
383 293
686 351
569 595
841 726
419 392
257 293
385 360
668 769
685 989
854 471
826 213
976 842
887 195
25 946
664 362
841 560
659 231
556 989
9 358
836 381
289 214
808 930
262 425
650 249
998 729
927 727
343 667
115 837
366 343
541 113
959 198
851 969
265 430
378 289
515 196
290 619
360 392
762 651
599 300
820 47
89 35
39 757
157 632
777 468
319 581
611 499
710 780
347 685
159 30
923 571
896 769
717 707
773 689
207 405
944 893
961 177
209 948
947 66
280 888
990 36
974 681
593 974
813 533
598 441
931 726
519 839
949 349
761 141
213 518
783 654
771 78
650 773
832 928
466 418
140 39
839 615
861 43
989 22
277 138
23 890
245 262
595 112
375 744
516 647
775 925
443 348
29 539
318 155
656 299
306 748
971 958
555 575
258 587
833 945
231 727
816 871
585 356
876 797
703 732
281 395
963 163
416 430
953 377
867 944
849 56
8 616
981 587
551 873
702 495
212 369
379 134
730 588
659 312
627 364
759 379
284 435
289 770
697 94
370 338
519 775
833 874
967 799
348 924
991 149
706 7
138 555
982 440
696 17
553 648
554 83
333 956
799 887
265 676
784 651
382 743
350 65
408 968
761 478
834 274
299 963
737 581
754 541
807 613
369 633
145 301
748 195
986 760
438 599
39 844
353 205
84 34
467 578
184 673
645 636
294 673
374 660
47 310
417 729
226 407
961 552
201 861
287 116
783 504
143 837
573 379
304 191
885 185
797 807
317 701
232 727
84 664
234 13
72 864
969 246
2 919
662 763
228 611
39 198
220 479
629 821
327 529
215 212
915 514
515 476
920 172
577 779
962 571
375 530
582 548
271 727
94 942
855 405
740 960
258 881
233 785
377 875
985 612
59 492
492 620
642 747
846 891
255 789
280 344
708 888
657 762
78 422
902 840
831 114
584 181
756 667
485 643
397 737
143 461
848 137
830 9
118 367
907 768
880 314
401 119
851 428
259 337
298 265
56 192
344 71
164 466
570 701
451 902
855 684
292 382
511 74
576 801
994 112
781 174
729 197
287 421
658 827
697 935
934 916
886 258
873 638
714 373
106 995
235 13
18 557
370 784
6 742
867 448
649 661
245 476
892 885
624 251
43 929
55 175
184 812
24 513
353 971
67 613
667 360
70 360
78 789
384 409
610 277
974 818
866 651
371 283
823 279
6 626
237 144
859 638
490 247
626 409
6 915
466 140
737 766
106 423
92 246
220 419
115 143
963 349
923 550
73 647
793 190
354 860
599 854
211 529
530 827
610 381
340 875
971 727
797 335
300 297
102 741
983 100
622 412
594 325
647 461
650 115
422 367
206 566
329 762
946 877
618 734
413 360
786 898
623 163
203 796
459 246
855 98
962 195
555 967
894 779
557 642
985 403
270 45
791 597
711 226
658 490
550 164
504 570
430 294
32 209
715 116
293 214
790 791
297 147
460 585
390 880
895 684
140 335
363 158
792 890
279 116
282 136
265 990
892 699
605 398
109 575
183 728
330 188
520 836
340 621
101 895
451 640
615 152
966 97
400 66
862 406
297 478
744 178
103 54
268 201
883 562
644 211
121 371
250 585
90 738
396 357
644 515
814 951
248 106
199 31
824 947
936 961
614 191
866 542
469 175
551 657
550 812
917 39
686 846
85 783
656 351
681 828
920 228
498 432
560 187
744 424
10 84
432 782
355 662
555 257
39 176
29 122
786 599
768 246
199 430
570 846
256 282
890 739
686 792
958 696
582 921
860 539
293 694
609 797
318 219
912 784
407 546
434 460
290 616
170 466
578 503
83 975
834 109
866 47
80 572
920 638
26 565
754 510
482 224
69 625
9 752
8 231
385 740
895 906
677 195
753 933
60 203
566 851
26 471
744 544
504 965
17 248
866 15
776 379
245 114
961 801
982 601
787 961
115 666
350 279
838 120
383 341
306 312
608 664
291 84
918 19
465 729
107 300
418 817
779 328
163 255
789 159
186 68
331 949
210 755
618 195
287 430
175 780
291 259
622 519
243 58
685 943
784 384
659 748
578 996
779 135
393 832
270 574
600 124
428 446
105 351
983 44
803 666
533 493
392 279
30 297
402 944
475 746
114 102
354 473
63 419
946 821
143 123
655 965
207 820
468 704
531 994
471 975
905 185
817 869
285 903
288 149
625 92
520 448
539 428
521 105
905 266
320 358
51 246
624 788
786 127
435 87
593 527
939 551
83 713
156 779
140 384
702 550
770 523
352 69
305 720
917 953
421 266
259 163
266 717
268 435
253 619
734 10
221 461
538 305
447 927
123 29
767 70
60 820
993 13
426 902
45 944
482 522
230 500
710 930
982 839
306 476
326 923
847 79
941 246
743 46
475 364
645 942
650 536
564 966
645 614
737 226
955 151
993 856
336 709
443 379
817 138
12 492
881 991
680 414
556 241
3 676
67 452
111 23
3 768
479 595
816 989
854 613
836 400
584 73
603 423
694 18
919 955
318 294
891 480
319 75
301 684
39 120
61 512
801 73
752 697
569 469
18 309
976 49
761 957
206 586
990 534
61 738
462 867
34 435
85 236
730 243
469 13
255 572
421 234
467 591
243 880
320 467
467 548
598 841
506 2
790 648
69 337
505 202
929 696
952 775
695 977
402 344
829 479
852 800
849 598
459 742
278 318
636 574
982 534
715 425
757 798
473 133
657 496
70 79
171 804
904 599
303 703
396 499
749 539
842 143
495 935
794 42
339 139
231 937
749 940
625 742
511 393
314 983
858 776
675 498
197 890
89 865
115 225
614 197
802 830
769 3
349 704
832 550
615 229
138 507
157 397
567 70
785 720
989 400
79 408
138 74
30 52
909 751
54 174
590 12
702 586
962 399
210 424
671 309
381 305
792 114
405 545
462 562
910 835
713 720
826 273
379 543
476 584
156 280
815 226
218 193
492 480
330 519
94 564
475 722
993 968
723 651
669 86
217 911
437 658
425 186
852 759
725 367
634 970
769 913
907 815
507 963
218 402
348 597
682 485
593 710
387 131
596 611
535 739
283 82
160 263
454 217
957 46
465 816
146 970
784 684
550 391
771 438
296 86
792 891
406 399
853 350
983 320
916 780
993 363
316 504
852 26
67 802
853 719
499 655
275 313
392 470
819 320
602 880
789 408
79 56
427 555
68 303
534 68
184 952
192 451
889 675
721 604
776 875
889 998
618 236
228 907
266 168
972 570
846 103
99 958
940 24
873 75
780 945
410 841
867 327
287 643
112 999
521 551
663 996
264 728
493 251
212 869
276 982
6 331
544 622
927 721
877 806
80 206
758 138
753 233
61 810
743 786
190 918
726 36
530 371
624 666
402 254
762 760
778 613
484 518
30 910
549 678
790 688
293 120
693 239
282 971
982 380
242 622
661 921
788 803
652 512
763 271
106 518
549 920
329 317
37 244
175 509
994 57
334 526
425 850
407 966
980 4
799 576
585 972
314 570
22 251
26 246
525 240
653 59
636 725
396 36
842 116
787 717
537 738
426 50
975 176
681 280
582 936
875 4
895 457
572 60
477 288
760 324
586 192
36 225
594 823
576 267
261 644
335 823
945 39
54 965
956 417
387 998
642 440
764 762
31 447
197 963
438 471
816 163
836 46
86 581
414 92
228 830
48 396
822 248
310 780
593 160
909 851
299 29
446 220
211 953
565 778
983 47
418 357
55 632
556 963
298 991
545 310
121 932
307 935
878 178
722 614
859 259
218 185
458 616
941 793
835 298
288 39
15 188
875 879
596 709
937 471
817 868
912 652
179 447
56 434
221 520
352 985
204 858
795 857
563 293
491 270
588 944
990 996
630 287
188 294
904 975
264 366
969 559
623 670
536 666
836 885
619 923
340 72
468 133
396 234
737 692
408 178
455 4
577 419
154 404
746 554
399 938
625 415
865 360
799 437
726 639
283 882
254 364
400 907
43 654
44 474
173 851
743 216
783 797
254 511
849 717
810 861
996 820
961 735
301 86
840 280
380 561
970 647
864 398
132 964
663 360
543 214
250 753
107 664
860 122
629 819
337 147
620 602
309 285
224 779
759 789
426 475
524 272
449 618
927 853
971 813
57 349
370 172
707 247
548 493
238 399
267 999
971 523
114 56
722 443
925 118
278 427
17 601
694 829
716 349
67 86
989 847
773 162
501 633
1000 440
397 654
750 4
627 763
350 886
721 258
565 177
913 432
695 818
611 303
595 818
482 393
86 271
930 609
808 553
38 98
23 282
339 737
813 916
625 200
277 667
244 546
523 835
530 93
749 359
861 941
516 24
576 803
23 504
407 921
355 472
258 171
182 145
279 195
946 124
15 664
320 12
338 268
77 889
785 331
895 48
110 856
933 624
135 785
136 945
429 116
582 186
335 684
196 400
357 651
419 179
741 636
499 65
85 125
34 326
736 84
811 514
81 865
392 660
985 827
167 887
115 62
651 42
889 555
162 85
775 65
780 541
986 262
626 993
608 380
661 238
366 92
833 665
461 376
375 790
142 685
972 836
522 55
462 930
691 916
69 1000
485 451
755 285
5 44
555 355
484 781
412 34
324 982
129 704
316 966
762 626
851 904
392 14
599 261
268 929
53 417
881 96
494 589
904 169
35 775
198 305
308 273
238 598
777 270
325 946
640 530
808 404
607 44
644 58
62 403
464 910
925 527
696 297
490 502
437 853
634 253
528 674
857 794
417 933
454 504
283 736
196 583
325 101
1 599
469 674
478 413
988 374
28 596
179 544
842 160
771 228
245 303
175 532
475 294
187 106
25 123
335 850
874 272
958 144
917 436
441 491
614 230
589 476
651 249
584 164
984 894
567 421
401 838
932 742
99 929
137 732
413 183
660 232
384 931
574 594
276 241
891 242
276 614
651 935
160 922
32 429
665 711
156 462
87 166
986 162
553 870
63 318
627 405
55 900
600 256
557 450
778 433
1000 97
393 149
947 538
711 525
237 134
700 866
368 763
151 570
333 691
561 656
22 717
321 68
412 437
877 71
166 108
811 345
939 428
522 300
246 414
564 55
412 292
195 972
71 33
18 943
651 620
349 371
403 539
5 691
621 211
680 349
715 18
512 636
645 355
294 659
44 834
161 95
28 363
585 610
544 365
344 176
52 609
53 712
537 967
478 351
226 172
923 254
743 465
469 632
142 406
400 17
952 542
387 913
593 860
61 350
943 864
509 428
822 306
143 872
221 24
192 258
301 480
124 837
748 271
842 196
291 86
297 585
592 153
908 479
323 713
822 701
624 404
182 284
194 714
477 336
728 658
158 789
453 455
686 271
64 618
556 327
590 939
538 782
225 537
941 451
11 130
659 750
6 800
712 952
958 542
885 742
798 231
626 982
937 769
475 974
829 410
63 207
298 572
410 863
143 660
547 818
397 903
38 955
720 302
635 989
376 744
603 123
109 270
147 17
332 51
170 146
775 499
692 307
626 11
545 23
530 453
684 419
703 226
407 289
389 854
530 340
144 551
523 62
402 526
829 328
393 140
691 283
146 220
442 711
460 572
189 90
62 472
389 520
818 682
526 75
106 744
347 124
779 861
541 406
28 335
142 451
644 897
792 948
317 871
799 551
783 638
904 701
317 984
11 661
35 283
379 533
97 54
831 999
391 326
446 974
12 57
839 580
735 631
685 350
997 604
908 451
949 665
510 213
257 215
119 855
10 441
301 638
737 224
955 169
337 146
610 183
140 699
864 237
78 91
595 879
978 157
569 648
897 129
798 169
347 192
560 69
716 632
574 618
404 358
703 834
138 128
635 520
337 973
138 182
711 695
843 583
551 782
589 87
147 188
150 877
648 631
77 899
904 449
781 773
341 894
547 703
307 898
219 350
627 333
998 417
599 243
565 15
6 164
937 424
845 271
756 926
705 644
759 457
731 102
381 879
94 376
259 709
173 887
635 180
266 259
568 123
752 488
165 147
388 374
778 570
446 644
584 997
658 20
52 827
90 79
313 721
867 150
981 130
60 141
957 121
500 452
88 254
126 410
587 228
145 393
74 49
670 135
810 746
255 982
417 777
454 300
538 275
611 891
280 575
978 682
634 440
27 794
92 316
130 1
122 604
712 657
977 784
239 428
525 281
894 200
880 566
257 51
495 135
41 644
171 597
641 341
570 373
879 749
957 799
941 506
580 334
581 915
21 263
516 770
556 215
645 994
90 833
123 71
632 629
536 347
538 745
617 601
116 925
778 184
172 863
683 66
629 729
449 663
116 449
747 866
217 755
56 815
753 123
494 129
333 317
212 946
38 850
424 578
982 5
674 842
267 736
270 129
38 173
829 686
523 563
750 144
941 865
365 142
938 51
757 700
792 560
557 784
688 705
808 657
12 161
147 660
664 619
100 604
32 212
216 113
252 631
421 494
227 339
875 367
472 394
53 755
106 947
818 630
701 920
615 758
136 624
763 579
122 313
912 145
533 719
491 132
150 113
253 898
369 879
145 224
866 551
250 596
396 352
783 852
236 615
366 594
679 935
900 912
249 660
896 451
490 214
733 186
715 915
898 145
849 421
512 531
361 67
271 618
37 884
846 506
774 375
423 287
172 29
242 857
318 642
745 118
618 396
73 561
113 716
724 806
285 516
980 858
789 828
856 771
697 700
379 254
734 804
789 685
739 590
171 138
389 95
851 310
837 849
543 799
648 926
369 915
102 844
32 419
250 77
597 342
804 912
719 55
679 336
41 324
545 852
873 679
658 461
716 219
406 335
703 431
820 329
899 858
38 314
773 701
832 279
762 984
355 386
213 800
568 273
422 187
457 502
166 478
173 498
601 463
729 258
213 913
145 337
18 737
934 979
611 802
95 477
121 50
67 116
269 816
970 911
59 356
688 441
888 268
102 314
193 766
710 69
415 381
89 378
457 161
168 300
757 502
317 661
582 131
839 752
1 348
132 994
689 736
944 268
543 252
395 68
783 985
59 947
998 448
618 206
11 52
289 842
978 182
997 874
120 306
641 837
384 17
788 254
669 472
889 738
871 534
411 285
638 999
380 979
487 777
207 245
543 304
251 870
233 791
566 243
492 516
772 598
242 8
711 611
802 477
329 929
181 896
989 873
977 801
480 775
355 917
696 823
470 422
882 926
385 820
468 707
820 152
489 872
486 809
350 811
482 483
544 362
799 994
913 347
36 542
203 7
333 952
770 786
378 35
643 415
146 221
330 910
810 372
79 521
961 224
246 106
304 813
549 809
262 771
218 763
827 731
274 697
779 860
9 572
156 693
512 864
210 714
926 812
486 871
303 823
969 399
781 860
22 133
226 288
245 452
528 378
833 511
364 470
239 538
644 672
206 465
410 218
672 569
675 330
457 861
775 735
395 932
709 87
162 762
749 854
736 219
314 929
437 370
262 321
708 273
861 301
129 28
741 727
324 425
681 1000
409 43
379 491
767 532
556 741
746 273
252 202
806 767
965 38
959 248
552 889
366 49
461 291
358 949
877 859
345 378
878 76
630 701
742 527
449 468
602 146
584 697
452 980
752 57
899 726
772 360
590 499
167 358
800 884
173 997
869 664
999 428
621 487
859 414
583 667
312 843
403 372
385 897
192 737
383 700
728 415
382 692
94 264
888 793
632 899
282 926
142 130
977 713
585 680
469 477
36 784
878 635
383 187
899 146
402 486
891 764
786 256
182 665
363 525
41 207
829 190
980 62
838 52
955 97
274 959
683 804
336 856
103 14
965 959
378 763
948 643
73 79
384 494
595 462
408 484
117 158
584 352
932 415
236 636
310 287
330 457
480 54
247 893
703 372
519 318
679 277
667 587
941 425
180 942
275 594
646 711
559 574
599 765
929 465
48 818
150 411
404 37
745 153
654 913
803 377
310 859
647 440
462 646
998 468
552 728
237 894
842 800
155 951
48 293
640 57
630 878
207 971
668 591
79 904
678 87
454 528
883 995
591 653
482 329
998 641
105 566
638 616
859 333
477 782
406 582
65 192
617 403
820 80
716 33
592 223
204 781
816 114
415 525
736 463
290 802
809 850
810 189
478 71
354 81
65 482
50 374
776 244
725 63
119 546
984 119
517 257
895 867
936 506
417 227
356 773
344 837
566 944
457 426
130 448
149 612
356 916
417 788
718 714
923 306
31 785
947 440
605 172
607 482
900 514
775 662
10 540
46 438
295 989
658 588
711 431
2 936
679 934
888 463
136 830
380 635
442 18
7 462
563 614
39 248
209 968
74 517
243 34
530 904
346 345
725 859
392 513
33 273
519 887
751 171
94 874
816 920
923 924
655 945
396 820
512 388
617 220
411 525
604 974
753 396
881 343
682 896
665 630
423 162
794 786
530 588
387 319
40 704
845 325
607 287
887 206
95 907
646 265
653 8
683 711
270 13
346 703
184 334
916 519
60 481
818 565
900 19
922 631
49 295
35 690
535 737
520 6
408 864
984 83
53 49
199 780
93 265
520 149
101 782
892 731
677 33
678 378
165 797
538 473
408 574
687 248
746 580
728 967
608 557
787 718
112 412
171 865
374 572
844 820
538 251
847 119
279 491
72 841
864 485
176 686
701 526
444 537
999 54
157 592
709 3
66 169
116 129
543 140
943 678
327 785
552 721
438 426
314 236
10 229
519 36
868 666
392 573
48 399
698 57
384 897
224 576
273 885
321 506
983 40
771 694
314 433
426 151
617 184
489 231
157 5
894 556
364 591
555 254
424 908
351 339
152 699
760 592
328 163
545 420
764 40
855 835
837 820
553 977
751 786
293 342
129 669
744 68
449 120
587 702
470 278
53 374
668 341
946 531
695 800
641 490
702 44
631 94
687 856
818 729
526 222
907 872
144 936
967 56
532 619
810 373
408 973
981 1000
189 88
445 462
838 303
450 612
605 720
236 910
221 295
627 860
40 535
919 170
688 562
107 192
14 268
752 416
991 340
923 220
204 930
899 87
740 955
27 307
560 684
351 747
500 55
193 965
801 922
886 831
788 948
383 730
331 887
279 527
463 338
11 885
28 781
989 230
225 345
98 969
358 415
939 387
384 208
160 437
104 677
418 51
880 746
864 239
8 811
851 475
451 41
822 40
208 620
632 234
975 634
523 77
154 664
506 987
124 414
569 767
665 6
119 405
128 354
720 268
674 924
79 476
944 123
878 77
642 663
437 265
579 208
484 788
527 336
30 664
934 370
152 518
29 320
389 64
324 780
18 211
735 354
42 221
960 584
564 122
753 7
735 243
71 703
997 653
244 375
585 734
883 126
972 374
334 939
762 942
726 845
753 865
652 459
264 412
896 957
382 998
59 449
296 13
313 945
210 687
780 359
133 724
503 866
878 858
315 168
353 93
923 297
780 502
303 699
625 521
387 756
300 851
83 37
953 655
645 893
228 701
597 532
871 149
196 403
694 438
288 974
110 697
515 257
641 129
962 886
724 905
980 499
767 981
132 842
483 726
31 368
718 218
871 968
30 56
103 546
984 788
661 122
241 489
194 801
233 861
275 416
739 711
167 86
630 104
817 485
23 122
882 197
542 433
751 997
332 117
830 460
582 961
593 280
512 119
136 167
1000 294
359 541
911 954
143 300
493 855
263 903
252 514
329 555
807 714
888 822
185 401
415 573
495 578
757 988
739 97
532 39
701 37
912 209
778 390
610 505
148 830
47 639
313 973
853 680
121 20
583 342
251 912
884 759
611 921
98 316
128 593
292 204
168 306
953 683
213 756
802 896
965 180
680 316
556 407
900 801
219 635
72 12
590 850
202 947
993 900
336 641
353 549
357 21
177 375
753 627
915 577
185 860
771 677
479 518
831 509
566 122
324 369
826 223
169 688
868 886
426 289
712 218
168 496
973 45
258 818
336 62
356 49
546 65
711 633
128 298
82 993
726 350
323 473
52 185
543 525
433 822
551 54
152 612
350 845
721 335
596 685
342 817
470 378
109 218
75 86
313 557
833 166
541 365
174 622
47 228
853 906
91 562
661 820
833 87
178 804
130 643
499 928
744 549
374 480
68 147
383 114
165 907
866 8
524 710
771 923
748 100
425 743
444 325
463 91
84 940
946 3
456 267
157 781
666 53
581 166
180 833
732 822
914 711
557 871
41 689
580 482
232 624
859 701
186 111
442 55
802 791
449 138
859 810
971 948
145 852
609 263
832 610
689 431
464 696
985 880
517 753
48 68
276 33
744 393
986 330
453 887
919 914
150 697
544 928
636 286
194 873
390 118
684 468
372 744
670 179
250 45
659 318
61 29
401 466
795 418
366 394
632 540
134 508
651 229
179 107
389 518
99 410
778 291
600 763
543 993
327 122
853 222
284 175
287 721
192 822
711 161
364 12
751 608
706 291
691 397
175 36
130 359
717 737
631 895
279 74
246 155
47 478
401 627
602 611
400 225
224 485
277 613
406 75
597 940
11 569
598 479
212 142
988 511
295 833
701 990
10 755
212 253
430 172
306 326
680 71
439 38
334 264
176 678
296 735
984 620
894 211
641 733
272 344
422 814
12 709
81 1000
747 319
658 829
988 35
914 954
283 335
524 189
470 917
56 585
680 387
375 1000
16 635
128 69
38 760
441 2
736 602
410 783
986 302
471 426
698 474
685 688
690 838
530 755
542 205
470 230
57 67
774 42
212 921
912 959
820 856
215 790
705 744
613 943
765 740
821 178
402 32
976 453
759 458
905 79
831 857
324 781
511 653
57 910
556 592
166 590
49 814
302 616
798 557
306 188
929 706
60 892
212 349
838 761
871 757
937 216
496 440
226 113
341 288
924 353
314 527
166 484
826 470
939 804
468 276
107 60
839 775
753 578
239 715
165 724
224 368
496 757
631 609
28 588
488 677
196 766
590 554
37 490
934 616
168 343
685 302
999 82
693 803
508 559
625 665
813 394
7 343
779 262
215 400
987 443
568 775
823 209
625 874
590 519
633 359
464 336
750 910
452 181
146 776
951 141
314 50
999 90
233 34
498 390
37 424
871 971
324 286
381 347
77 66
473 38
563 845
765 53
627 12
4 547
993 714
651 164
834 718
342 473
509 616
5 135
910 698
124 129
218 202
860 525
735 419
256 419
494 375
243 565
192 545
872 67
484 777
358 806
34 744
368 290
27 401
873 575
892 231
757 697
459 970
817 928
363 374
570 744
131 380
946 427
179 104
127 358
668 347
544 114
598 293
601 71
204 225
331 498
676 486
307 381
774 927
648 287
723 837
995 680
589 916
491 889
184 863
560 742
830 762
141 335
163 491
625 564
20 608
184 360
206 271
74 956
505 662
415 1
73 506
491 935
475 314
93 999
387 608
889 888
144 347
715 916
527 90
956 410
137 998
486 361
767 968
823 938
366 947
681 917
792 588
354 907
356 622
836 70
158 110
884 181
688 213
34 955
705 704
759 767
872 385
229 780
176 392
927 591
273 546
475 644
651 697
726 351
564 366
517 848
241 71
4 805
481 944
669 53
463 879
485 628
470 264
787 54
151 935
243 702
418 121
568 71
553 661
593 660
591 897
995 8
9 811
174 623
981 101
839 395
229 14
501 192
783 320
821 573
992 753
809 989
203 378
210 594
190 580
532 695
424 12
978 591
327 452
430 38
783 614
285 455
595 974
355 597
260 545
698 673
594 526
943 989
712 605
703 746
253 931
994 635
506 971
880 915
3 366
222 614
376 82
174 261
654 531
306 389
254 87
680 138
664 527
168 446
780 157
505 547
254 166
491 528
120 198
198 998
788 359
524 420
367 498
663 545
98 773
675 239
949 980
966 914
73 577
93 542
976 926
205 68
100 366
524 504
379 302
678 540
831 182
20 821
9 139
851 652
102 566
158 356
532 49
312 84
223 262
302 883
159 858
881 450
347 554
332 446
337 528
73 230
777 104
445 234
601 876
892 309
437 582
222 484
316 889
118 181
730 315
14 496
74 295
700 727
277 642
848 962
445 460
820 404
485 987
454 26
809 57
95 284
832 374
45 631
191 777
676 431
970 204
554 783
348 883
496 379
973 967
889 500
984 416
838 463
714 201
520 770
794 161
693 672
879 902
326 770
808 29
718 512
79 78
960 200
767 221
22 506
171 988
408 314
816 407
28 783
896 543
310 417
884 974
461 779
451 269
404 157
243 111
667 529
870 56
764 539
625 943
827 471
42 613
738 646
298 523
671 206
115 470
722 146
890 976
121 873
506 985
124 408
345 605
293 901
629 705
427 67
47 746
609 637
5 162
851 10
876 498
73 808
238 242
721 244
595 687
51 397
234 893
18 190
772 363
310 702
632 680
946 674
412 74
144 744
986 867
994 694
815 324
708 660
831 702
353 875
762 829
324 215
286 957
213 131
680 744
199 944
737 521
386 847
616 410
434 67
979 421
193 488
890 489
127 163
884 622
210 685
852 12
619 779
856 199
430 94
692 629
549 44
478 426
136 551
205 631
170 778
466 101
657 276
684 747
337 191
875 848
549 415
914 780
719 995
206 210
48 156
799 91
159 184
163 189
422 986
529 764
826 86
37 813
515 592
492 681
184 238
298 894
280 157
337 924
293 953
848 288
955 516
439 946
43 493
68 683
967 553
15 428
989 829
518 61
155 569
1000 10
506 735
659 377
588 305
259 519
886 522
852 654
959 170
797 27
946 759
188 309
413 274
252 318
881 394
493 490
518 351
995 158
423 921
707 274
1000 296
235 533
386 561
518 750
705 789
528 874
285 585
625 30
349 582
504 577
675 890
70 880
164 509
459 811
10 967
14 347
416 742
844 734
838 380
785 8
714 190
236 302
429 932
886 400
597 867
70 347
896 778
224 285
245 181
761 106
419 616
310 335
900 525
282 292
728 780
885 378
832 890
67 727
752 965
239 317
922 359
651 367
11 12
343 467
718 133
3 672
776 992
997 882
470 978
163 806
676 576
944 209
51 777
512 309
472 754
824 519
825 818
208 220
870 290
983 1
471 365
128 445
57 9
4 512
6 434
752 872
4 663
612 460
704 927
632 625
924 887
973 947
89 186
556 650
275 499
655 118
821 794
414 704
473 132
331 34
631 119
373 867
763 39
393 459
491 280
611 507
65 451
840 983
602 282
696 347
535 738
166 323
705 19
193 548
890 17
308 528
740 563
889 479
610 498
641 932
14 678
749 551
424 156
486 974
638 443
865 183
275 974
12 18
486 89
931 828
456 412
936 134
594 926
206 360
968 311
895 324
292 881
646 608
305 653
827 93
594 192
478 815
559 514
625 727
626 753
318 723
963 282
926 402
422 637
672 619
176 343
802 247
966 802
39 252
902 58
775 200
203 194
968 834
13 849
91 149
404 318
816 790
821 43
952 310
275 75
43 935
259 607
578 419
579 134
322 229
614 592
39 256
647 577
134 540
874 941
503 343
825 379
23 268
317 47
625 38
218 596
795 204
619 512
981 233
514 620
52 723
435 205
443 726
118 84
134 969
781 130
987 917
252 810
846 395
719 458
701 107
260 631
786 245
278 119
256 129
466 495
174 68
529 203
892 873
932 16
152 920
373 300
361 364
834 140
288 822
571 289
850 280
278 849
728 708
163 51
861 440
721 525
719 14
499 107
872 911
253 168
191 548
135 94
485 21
715 812
989 389
865 738
711 908
802 168
396 921
806 864
898 631
463 40
894 365
260 134
217 704
39 224
134 188
216 687
272 949
829 931
316 730
760 512
523 300
411 18
502 693
692 365
124 127
397 567
643 803
440 38
441 851
975 778
959 177
318 11
715 541
29 644
242 289
354 359
489 840
682 725
277 963
316 943
812 996
138 759
341 460
14 34
142 23
181 563
574 58
481 729
152 807
47 158
710 426
588 978
938 801
888 908
886 235
636 344
397 76
143 536
166 381
72 478
957 116
631 861
526 475
1 732
679 715
3 122
313 950
352 780
300 552
141 216
364 423
85 669
957 342
619 155
736 413
353 963
13 367
586 179
805 915
220 149
496 981
633 244
546 517
858 787
201 352
475 321
651 322
559 597
709 216
983 937
35 473
988 1
366 917
148 200
931 492
371 1
486 466
478 157
517 678
883 154
412 623
480 647
320 940
427 896
998 377
157 311
323 51
729 980
567 460
920 63
168 804
833 738
704 662
869 228
606 101
674 498
551 856
128 466
989 651
574 523
626 874
623 2
647 346
48 310
892 41
354 580
588 306
717 146
21 619
155 681
104 239
716 462
80 360
191 396
397 317
646 546
654 287
657 821
998 999
736 910
644 145
665 649
353 434
725 74
650 841
529 343
178 831
142 354
770 603
199 919
38 275
979 467
725 59
66 968
766 905
625 383
170 570
728 64
302 215
912 263
587 135
841 111
652 852
282 3
304 471
156 616
272 117
329 100
917 619
476 205
704 104
62 838
121 138
103 46
895 466
680 1
828 393
392 969
852 263
989 832
382 114
568 971
261 681
244 119
136 802
926 661
893 862
98 908
872 967
599 556
250 819
253 80
806 974
328 921
738 732
77 801
758 667
525 538
512 647
314 327
704 579
301 971
820 589
416 411
937 815
721 896
3 833
25 953
377 935
176 315
214 327
508 96
950 331
807 214
85 474
162 715
473 376
681 299
177 816
694 767
843 659
592 913
42 126
995 300
411 815
998 673
216 389
804 782
661 607
338 872
564 142
532 492
863 498
460 391
686 142
604 310
515 595
329 452
327 177
919 301
463 913
11 230
914 784
645 365
574 349
870 756
463 774
293 463
732 717
249 472
350 396
44 719
248 466
734 22
148 733
719 358
961 938
106 803
927 314
23 587
386 565
318 871
923 387
306 387
549 453
309 608
699 440
442 67
337 287
764 642
391 126
163 185
267 52
626 671
400 723
775 916
580 380
286 227
841 872
290 254
537 39
779 46
418 3
637 752
950 53
664 862
132 668
890 954
910 935
626 976
534 679
973 125
223 610
483 497
29 933
53 533
42 764
53 47
359 723
901 369
928 433
988 525
493 105
914 156
375 69
433 966
712 471
697 101
938 153
756 896
705 690
446 432
18 235
213 482
386 583
47 788
468 831
248 673
449 158
108 501
881 179
38 456
758 347
46 593
929 517
514 621
165 987
238 643
425 806
154 364
286 865
951 625
495 693
296 21
926 785
891 580
199 637
737 830
147 506
866 922
261 958
176 714
742 164
361 706
517 338
897 686
478 607
117 133
870 845
525 898
358 177
602 819
549 360
598 815
432 386
92 116
614 209
779 364
487 757
309 757
92 235
88 204
196 89
70 44
628 68
115 43
758 707
637 498
806 865
937 982
573 822
560 123
154 740
301 531
161 128
850 748
190 277
670 3
798 84
802 395
881 642
932 794
717 28
241 291
4 729
8 668
261 54
173 301
34 848
418 499
938 234
612 389
635 876
378 511
105 277
898 952
647 215
939 204
190 966
462 875
1000 462
88 648
658 364
217 36
734 515
458 262
739 875
777 394
407 323
924 47
943 381
601 846
296 324
60 421
687 888
355 227
908 635
946 386
624 808
731 588
67 992
208 527
304 718
835 698
581 524
735 925
576 826
979 423
959 709
607 215
629 299
701 910
593 781
784 870
231 429
491 158
623 921
866 958
559 385
807 891
451 572
435 631
405 403
762 366
747 254
876 410
110 722
382 87
277 201
745 465
139 216
575 952
90 646
350 286
115 233
392 780
673 653
690 293
429 271
145 856
76 708
499 247
617 824
466 788
985 828
401 851
275 710
663 619
376 985
368 921
367 165
793 310
699 945
788 127
545 1
997 143
265 222
85 453
983 492
143 229
310 638
175 925
854 379
860 520
700 853
385 710
960 906
688 409
860 670
950 569
935 175
313 420
815 501
284 99
35 959
52 28
90 331
303 182
617 75
540 963
423 761
942 603
45 112
201 741
824 18
460 578
870 713
747 346
57 933
122 464
846 377
71 489
438 532
847 376
443 910
942 420
636 713
287 273
18 518
645 699
776 422
745 659
529 146
932 41
822 269
349 489
951 817
962 948
456 497
475 319
149 946
923 599
656 426
132 923
614 153
891 993
745 350
428 30
53 321
819 919
5 371
328 922
1 20
849 296
613 479
885 410
102 860
530 901
988 917
367 72
594 508
100 373
708 116
506 940
731 189
510 576
96 500
849 202
704 755
125 887
439 717
8 709
655 813
129 539
741 174
265 75
32 330
623 206
382 878
587 418
646 371
321 172
798 846
235 610
180 225
848 187
77 679
351 24
868 182
528 825
288 130
596 536
764 342
341 387
212 400
729 106
900 431
888 965
825 761
729 155
919 311
31 611
763 161
348 520
333 149
499 597
460 757
173 492
581 511
283 340
641 954
201 995
218 771
731 963
900 717
965 993
434 875
71 610
843 397
850 419
429 36
421 960
685 371
154 205
652 124
234 31
179 690
882 304
791 395
392 885
174 379
432 118
585 48
289 723
21 12
560 882
300 53
766 64
292 593
974 13
812 152
940 101
158 62
569 629
38 720
76 611
666 446
480 576
449 567
506 960
842 786
863 908
39 254
573 898
890 810
319 94
980 900
271 923
399 214
807 245
1000 53
67 158
87 323
787 377
401 470
985 620
259 560
920 790
61 612
390 913
263 660
667 912
381 723
898 981
459 169
333 592
338 954
9 106
970 78
791 551
186 850
227 34
104 439
786 229
715 201
365 336
960 656
436 921
930 708
146 215
140 69
259 396
26 385
8 140
924 921
568 324
986 607
408 833
406 476
465 880
339 811
197 329
728 31
918 379
574 457
953 916
370 872
329 82
993 427
25 361
616 750
508 656
269 846
239 544
6 643
889 219
600 354
988 281
844 853
791 318
707 675
45 56
853 993
276 380
3 476
634 752
471 211
932 327
996 530
289 872
435 982
537 2
3 762
465 111
638 954
876 891
629 2
555 418
265 416
423 434
595 997
817 355
674 492
901 707
650 69
544 960
651 996
161 112
930 434
897 420
260 364
601 514
907 916
488 453
518 487
575 18
191 278
891 217
123 179
53 292
950 594
368 314
70 428
668 263
421 947
655 59
969 768
17 371
660 739
75 389
611 343
544 396
283 208
655 424
94 242
739 251
867 14
913 202
883 996
166 318
70 588
804 692
487 694
862 134
3 456
644 313
501 54
230 732
182 659
553 29
438 521
990 234
616 699
265 825
629 889
758 241
390 575
173 325
710 116
680 39
455 907
151 370
192 730
357 905
763 666
819 668
913 679
76 999
420 369
150 334
758 915
462 204
779 314
68 323
641 317
552 368
619 328
33 557
324 100
641 430
110 557
382 310
955 202
224 944
387 806
985 771
675 219
663 618
833 887
63 814
870 426
410 764
582 638
305 482
470 804
785 792
187 977
828 922
333 468
745 44
582 649
57 498
798 945
102 610
30 479
747 859
640 63
76 137
21 760
828 638
358 843
694 785
329 867
458 601
378 108
119 154
565 108
259 486
130 850
707 279
963 673
345 122
405 838
956 558
539 510
178 938
198 297
553 718
423 760
468 999
765 855
244 536
273 23
921 675
299 967
268 270
936 480
592 386
28 398
140 208
785 13
934 942
524 540
154 468
46 222
682 298
144 34
455 990
6 696
117 203
639 988
31 799
959 273
979 763
332 205
125 321
567 878
736 298
366 597
223 948
150 362
978 427
836 797
585 27
534 460
591 21
336 759
267 155
231 682
841 882
509 964
428 174
836 51
711 961
241 575
920 238
498 422
315 740
319 212
391 843
452 331
328 889
594 396
941 761
380 53
367 809
594 287
138 841
582 772
329 910
234 609
22 239
54 614
405 701
906 370
198 728
270 245
76 60
316 627
579 175
22 709
464 693
677 588
569 246
97 757
169 128
368 584
284 247
514 788
386 643
313 673
481 263
151 681
342 532
643 313
936 333
22 918
249 140
127 600
363 116
518 890
260 926
980 13
840 696
468 217
182 603
109 537
166 544
995 712
634 392
374 647
570 895
733 324
148 590
809 268
413 702
893 627
382 287
542 645
927 723
747 185
654 535
803 657
316 637
771 857
835 134
336 580
462 439
637 379
286 540
629 983
479 720
614 21
45 262
746 149
425 267
346 263
347 98
755 97
422 624
669 465
102 712
323 13
930 63
859 975
110 199
590 77
329 732
151 592
382 86
237 832
384 822
7 798
143 220
492 402
807 69
811 500
838 869
565 51
554 292
494 307
132 210
890 636
821 202
569 161
933 896
797 185
575 479
981 916
217 127
308 290
204 851
160 489
948 370
458 194
352 577
403 575
563 349
31 659
861 576
737 594
791 885
739 444
631 890
597 966
14 102
210 709
250 322
378 895
878 832
457 100
511 185
64 386
37 661
235 171
86 979
704 82
32 735
839 572
628 305
172 303
46 496
107 258
714 294
129 484
386 461
741 591
98 963
879 744
712 972
19 553
880 657
992 59
524 186
660 330
128 171
573 707
613 278
711 905
430 732
327 896
751 578
437 192
846 164
371 836
380 788
223 851
972 714
759 562
464 49
411 602
104 984
713 546
972 857
313 172
445 951
289 171
523 446
424 351
907 607
734 630
806 291
844 242
935 868
670 434
449 94
584 527
566 611
511 648
593 327
43 291
895 534
786 198
885 552
536 545
297 19
758 761
852 955
457 341
507 629
258 996
977 706
56 561
523 890
981 138
481 521
341 299
913 90
587 15
697 579
38 325
387 79
151 62
559 173
887 752
883 36
396 135
87 904
548 612
109 592
132 654
304 558
247 710
620 92
658 833
538 283
212 540
723 797
870 924
852 127
987 656
434 816
328 307
629 75
318 850
600 383
912 75
399 695
571 334
831 299
936 833
221 201
448 619
177 99
993 769
399 597
183 290
21 67
689 409
466 786
195 208
413 825
418 81
646 841
181 34
727 278
820 628
716 517
517 564
475 913
276 230
523 111
420 48
428 489
750 348
346 110
533 442
147 371
898 713
719 547
650 102
501 770
29 473
74 73
436 915
904 765
313 200
890 722
798 961
322 6
927 743
694 790
454 523
171 679
647 740
375 15
269 414
234 861
553 531
612 10
440 430
732 569
899 584
347 647
668 155
248 876
525 836
752 268
18 535
436 471
97 601
761 562
703 435
377 313
731 938
491 449
457 369
867 186
124 780
469 506
37 198
633 857
26 361
62 619
32 970
969 383
677 54
827 905
610 123
800 463
533 727
184 868
349 118
480 139
23 245
763 712
821 99
969 89
735 550
205 535
297 596
337 423
210 943
429 42
540 592
343 649
37 538
629 208
171 536
408 374
997 668
942 247
818 257
893 859
72 163
913 531
955 120
104 138
414 479
970 599
849 302
833 929
353 575
38 682
948 807
115 485
704 582
588 356
401 342
698 44
332 802
45 451
104 897
233 803
769 271
973 39
63 35
525 842
151 614
786 586
13 87
753 389
589 23
946 772
363 666
894 906
554 321
624 405
367 526
691 597
557 586
65 820
553 527
611 257
403 324
80 343
155 295
84 391
963 668
142 927
539 477
665 778
9 814
714 621
142 210
899 821
20 661
834 258
672 105
212 402
175 14
199 884
798 443
340 62
123 678
783 508
849 940
97 839
919 12
726 766
909 54
162 925
145 329
607 297
477 20
597 771
175 477
407 702
106 177
749 985
382 2
2 20
840 486
324 159
306 446
163 27
609 63
662 35
918 153
666 174
816 383
874 205
214 698
710 863
324 46
387 976
872 550
101 348
249 553
893 976
897 3
920 348
59 824
153 307
889 633
196 247
750 570
287 728
254 901
185 130
539 365
669 464
758 275
285 423
124 369
216 999
272 830
609 763
424 853
700 710
467 985
177 631
492 636
699 982
561 969
329 937
403 386
291 17
9 31
388 777
136 150
800 877
749 198
401 246
778 700
194 295
782 220
200 876
277 796
577 238
904 106
62 374
191 598
764 372
237 276
129 210
246 98
252 951
400 328
979 985
645 334
353 360
799 665
13 20
35 548
995 787
22 802
169 302
780 378
748 70
420 121
960 94
529 207
69 158
163 473
787 755
458 792
977 368
170 787
444 470
102 222
49 418
895 407
698 561
628 306
767 705
266 933
799 221
340 534
896 532
642 8
291 458
408 174
229 314
980 486
326 688
367 428
107 832
208 491
194 562
51 935
31 389
732 54
281 450
158 24
984 831
897 152
133 710
523 66
564 670
584 116
158 171
623 845
932 950
168 987
372 603
792 71
913 949
453 998
590 217
114 46
579 72
122 549
512 31
659 352
184 64
384 642
333 737
190 122
263 762
322 82
427 156
640 371
588 153
76 69
186 901
268 951
695 772
313 510
886 973
191 485
17 920
808 693
473 192
147 643
518 662
264 165
735 9
368 105
498 740
100 560
839 223
790 481
316 652
340 118
753 747
168 63
45 743
185 453
303 723
72 603
533 690
420 413
607 132
176 745
429 217
931 875
625 514
755 623
239 563
689 813
399 694
663 273
297 648
818 253
266 857
174 326
713 48
165 497
666 230
371 148
478 856
712 888
774 384
85 895
452 194
57 278
439 964
262 483
742 231
689 489
654 921
694 90
220 725
223 534
542 158
428 490
507 291
966 878
682 517
993 716
78 350
525 805
656 924
18 509
937 721
848 436
480 872
360 238
103 910
753 361
401 412
431 313
227 242
681 761
963 734
543 534
748 548
768 260
972 92
39 375
282 728
688 619
714 743
677 497
365 133
276 650
481 648
62 218
355 179
89 67
752 269
679 308
391 26
246 59
526 153
140 492
565 445
161 975
654 253
688 570
969 749
515 793
312 572
331 488
739 503
457 913
27 979
303 774
182 637
572 205
990 196
663 230
829 218
408 554
575 938
136 633
856 168
505 446
608 537
753 608
917 631
495 607
861 677
740 890
527 644
16 110
804 31
537 668
954 492
667 769
742 327
317 648
672 633
693 769
396 281
901 820
297 740
941 51
173 73
908 444
288 993
932 266
684 347
334 100
690 708
272 565
127 535
308 948
868 543
813 797
379 570
785 873
56 519
898 392
138 21
394 251
323 19
677 960
253 334
389 420
584 396
785 907
551 888
882 145
683 320
840 239
600 950
728 536
111 310
619 553
297 95
124 163
659 152
588 338
420 684
699 683
941 308
378 306
471 575
421 198
118 304
501 424
29 257
90 273
626 511
592 179
158 38
43 749
999 750
356 636
485 848
235 645
622 883
400 478
960 554
94 200
791 738
482 54
191 642
41 109
353 323
80 517
840 811
382 982
952 953
391 438
47 432
359 450
931 709
914 397
457 78
71 683
95 452
886 497
727 951
766 651
295 811
723 212
415 82
844 812
314 803
462 155
887 846
763 836
34 418
658 680
421 862
831 683
813 460
194 700
987 505
146 827
738 525
225 422
740 771
780 874
943 686
395 460
95 542
492 968
533 174
491 679
495 55
978 175
119 619
746 147
186 846
159 268
107 983
423 395
318 679
780 737
85 664
772 968
22 207
831 367
802 99
803 646
784 773
66 422
369 95
612 493
460 114
560 256
856 919
489 966
643 859
221 891
207 824
768 460
810 91
230 890
769 982
644 198
829 350
320 370
484 557
947 911
344 120
237 275
147 727
773 887
632 991
134 819
729 75
303 984
307 413
257 752
155 209
691 3
875 302
343 780
14 276
456 624
843 332
183 743
601 529
994 208
978 557
359 486
568 677
608 594
330 248
549 449
809 359
710 15
931 846
254 411
61 489
745 616
102 223
598 688
236 742
676 26
144 507
310 264
754 978
97 445
597 632
179 659
606 750
898 191
889 826
837 442
736 67
720 696
239 368
77 373
152 180
524 180
581 933
105 116
471 93
45 360
673 967
340 868
197 573
698 114
572 543
729 611
918 631
760 807
827 135
923 943
11 297
820 513
108 883
767 748
932 951
916 28
155 930
843 845
410 953
845 35
170 237
725 637
901 482
509 246
52 120
492 263
846 614
78 652
616 83
622 969
659 65
62 128
126 855
821 861
983 567
203 474
978 860
526 130
875 492
959 624
875 381
807 572
903 701
212 58
531 454
805 43
718 836
644 879
576 173
901 246
211 130
448 208
884 667
97 255
64 480
379 981
303 579
586 45
363 410
76 915
239 577
149 809
172 382
580 515
945 186
305 91
748 329
54 894
129 341
3 428
864 127
447 645
895 518
236 900
558 425
250 792
567 37
346 475
681 930
646 700
465 63
57 530
822 12
835 20
475 915
480 523
711 149
466 562
431 580
346 108
926 348
251 825
73 893
863 598
510 778
834 888
855 146
952 499
915 233
497 42
388 175
781 688
322 183
777 375
406 607
247 243
449 56
848 866
631 105
619 673
287 46
854 200
325 534
677 321
592 359
233 977
867 47
799 818
322 456
360 683
183 521
274 359
458 24
95 314
246 171
636 977
162 772
183 702
959 741
193 462
265 969
106 953
65 371
936 114
404 680
459 527
758 161
672 668
47 268
953 977
71 634
992 953
442 342
171 892
631 578
376 462
568 972
992 808
330 387
594 948
794 18
392 974
637 104
414 291
839 518
36 241
205 742
808 855
566 44
528 89
306 619
932 267
520 653
259 79
963 407
526 430
98 509
803 62
913 227
771 510
436 684
367 235
742 128
488 211
566 114
125 130
931 467
474 394
220 698
884 337
890 786
779 231
252 11
72 353
399 254
682 998
547 858
132 686
530 562
18 478
170 165
838 892
744 81
707 359
265 472
344 383
507 157
215 580
735 285
119 669
572 242
631 220
691 667
613 468
364 913
842 415
646 401
966 508
652 726
155 470
467 488
142 208
915 336
735 51
978 804
139 890
1000 552
655 274
568 428
79 684
444 127
815 88
710 262
152 346
677 71
680 821
130 266
728 33
982 618
566 917
770 858
296 973
117 59
636 745
734 138
738 185
888 278
580 564
562 107
14 970
828 475
700 253
560 520
617 585
374 932
345 910
366 999
611 744
232 391
348 293
647 213
928 889
825 743
659 201
756 457
793 321
150 710
82 264
752 940
646 934
113 71
742 831
246 359
769 361
241 314
406 842
321 354
746 453
555 325
848 125
521 297
208 988
279 514
324 898
76 35
415 231
733 104
692 437
948 95
113 34
703 279
925 313
69 695
14 72
329 538
833 154
373 833
191 592
341 419
542 534
463 880
653 736
247 985
620 341
195 802
880 490
112 68
791 886
606 147
488 925
387 485
151 388
502 440
961 905
230 278
68 437
948 689
733 421
342 741
843 429
348 965
762 343
585 246
382 60
617 549
409 1000
176 813
983 530
339 387
132 968
684 653
867 769
392 789
656 502
289 755
401 985
132 863
115 129
14 987
58 35
332 902
486 267
780 926
968 134
552 581
20 91
383 769
849 133
868 679
81 19
779 222
323 469
12 711
241 341
116 563
636 314
437 495
139 862
96 559
575 137
777 834
560 350
155 594
742 938
124 117
199 357
845 435
60 749
955 735
740 95
786 803
329 724
401 606
362 691
39 333
1000 307
305 589
897 966
633 546
583 801
89 470
687 775
527 238
342 992
236 35
368 107
193 368
285 640
913 97
914 304
368 250
26 272
923 2
781 160
620 456
141 65
770 915
442 448
130 333
908 805
458 78
144 58
771 103
899 442
30 665
741 829
210 823
782 613
107 453
1 496
475 441
560 577
832 998
462 161
127 799
941 205
248 92
927 398
417 465
58 485
276 284
295 464
159 637
358 432
430 541
707 937
604 869
275 604
422 989
416 566
759 860
874 531
137 579
286 60
896 272
654 365
699 197
893 139
261 482
337 4
357 73
392 432
901 658
975 545
445 758
393 907
306 904
54 298
536 469
111 175
497 207
726 472
289 219
46 184
977 214
997 283
506 742
809 557
310 738
388 168
887 252
954 794
375 8
454 921
436 188
554 507
42 304
441 738
170 480
868 159
179 338
146 121
511 681
811 361
838 578
15 440
476 647
80 396
78 907
597 153
190 705
601 222
286 896
711 97
566 876
933 167
438 719
792 729
823 474
154 417
429 793
566 910
788 165
516 375
654 426
649 700
826 464
118 769
799 480
601 361
840 751
359 41
16 465
148 694
679 890
524 825
357 600
139 285
424 928
400 975
560 621
478 536
357 937
288 884
74 530
686 140
529 951
70 465
823 13
201 262
76 662
575 876
225 408
888 72
93 641
167 702
156 180
712 997
965 477
509 945
422 584
48 413
285 448
198 931
44 640
306 989
881 611
882 316
956 360
299 44
68 871
531 649
234 523
594 283
427 128
502 580
51 556
664 405
670 336
8 345
401 484
416 238
859 306
237 122
276 586
446 414
17 686
894 792
22 729
570 33
800 911
65 186
284 92
341 29
972 209
99 71
706 421
1000 666
798 621
655 492
400 464
271 503
511 978
633 536
486 204
635 486
661 940
98 4
226 49
852 877
156 676
253 744
456 598
149 541
386 929
207 267
210 733
340 424
162 920
179 874
879 773
878 936
2 241
294 617
559 471
192 239
896 749
325 77
18 615
650 820
444 461
528 408
892 947
757 507
529 770
569 813
612 885
477 420
617 729
599 601
46 331
162 348
200 910
741 696
101 345
525 679
931 144
794 696
387 866
906 990
690 633
379 472
215 182
881 958
733 949
244 195
65 681
392 551
543 404
185 240
471 270
533 511
556 944
280 331
820 845
85 45
397 669
809 613
587 680
848 156
793 130
635 164
249 481
526 821
708 696
804 959
571 924
53 493
348 606
153 747
80 453
83 614
910 172
712 829
801 507
549 980
515 693
610 877
829 461
407 27
834 357
507 631
257 758
700 350
972 475
496 484
758 460
955 219
402 781
265 951
770 908
678 269
78 468
818 896
236 365
207 368
560 727
957 331
889 109
569 718
979 629
47 255
850 384
979 92
176 863
306 462
439 174
206 335
832 778
507 372
512 904
197 136
21 186
633 338
505 967
456 157
223 793
997 802
615 247
969 324
496 381
893 98
875 539
590 2
21 269
603 437
108 877
15 291
552 981
220 611
3 927
1000 135
342 458
694 927
623 47
327 674
863 636
739 546
281 658
981 737
915 207
627 345
756 627
207 873
78 611
230 679
355 954
194 100
747 912
677 585
753 211
40 642
668 284
265 279
269 455
289 393
386 549
683 825
406 544
624 735
587 293
904 9
333 849
265 753
144 910
151 197
482 252
692 863
126 567
437 836
278 200
84 15
526 418
982 544
141 64
951 595
588 687
874 474
5 228
1000 799
400 85
348 827
495 580
810 512
661 419
62 74
567 912
773 185
220 253
945 327
734 984
214 775
948 773
970 861
3 430
352 28
758 916
983 561
289 557
567 182
895 261
366 557
709 193
710 666
590 539
404 185
99 803
443 405
137 578
855 360
585 348
769 792
333 126
794 752
492 673
863 946
422 700
974 505
388 996
885 674
355 619
944 188
780 530
346 106
994 814
63 11
836 265
124 43
821 507
414 931
143 227
695 470
20 350
77 859
43 87
890 734
427 308
322 2
51 576
930 325
720 113
614 634
772 311
134 588
851 938
156 12
570 526
498 549
743 877
853 157
446 733
75 53
368 57
442 784
216 638
796 115
807 863
283 32
268 692
409 506
227 351
501 100
28 276
14 291
397 105
222 611
648 441
213 897
567 726
325 199
416 621
956 111
529 251
734 204
831 978
136 971
84 769
512 850
131 688
888 363
337 411
887 871
805 944
185 543
502 847
317 5
100 447
230 57
569 897
382 452
827 73
442 25
775 937
423 333
945 902
139 75
175 889
521 887
613 473
480 715
707 924
681 933
214 636
31 350
343 88
699 224
298 715
116 854
635 750
634 791
766 785
380 963
767 721
73 573
21 325
168 775
650 439
543 320
694 980
773 459
522 77
579 116
711 627
418 450
55 923
612 500
351 352
82 983
985 734
752 767
234 810
807 45
510 951
904 276
27 455
209 472
692 467
380 391
660 817
96 822
741 364
912 670
90 284
207 583
902 557
416 828
571 992
511 989
83 570
446 584
748 184
731 906
554 129
122 399
306 118
749 290
986 756
182 685
112 169
520 128
39 856
49 728
913 951
474 871
92 730
481 85
383 346
404 573
225 104
839 599
241 914
554 709
372 24
468 17
537 270
223 919
461 798
334 468
17 816
250 751
145 905
384 207
278 687
793 480
300 51
102 995
124 687
868 876
932 696
609 285
774 335
656 515
290 104
572 630
668 885
854 616
410 817
15 718
876 924
704 826
34 980
952 335
492 632
460 30
815 740
618 758
985 649
894 603
265 105
655 188
713 875
769 521
590 483
61 751
27 145
617 455
159 978
329 93
860 893
683 220
890 488
782 160
514 834
622 931
491 367
971 89
458 380
95 97
320 373
304 842
948 383
328 547
365 475
421 473
183 837
653 371
189 109
835 711
395 754
251 412
36 736
826 910
922 705
923 56
304 680
69 376
87 995
805 52
92 292
943 154
894 722
396 111
607 265
594 600
225 27
12 95
909 167
79 115
219 340
827 802
80 913
308 393
241 958
269 668
594 890
866 759
261 857
887 815
176 815
339 365
50 968
309 589
650 523
772 675
745 399
854 827
871 251
174 409
983 925
729 806
589 518
441 302
719 903
243 118
154 973
540 647
621 59
37 816
153 275
51 984
327 639
438 316
975 591
355 590
745 58
11 298
860 285
55 573
584 455
90 144
552 869
651 875
104 108
794 83
786 910
180 385
787 411
200 607
204 63
78 608
212 530
782 354
217 956
53 302
91 919
863 285
96 783
545 53
798 648
830 72
894 849
991 249
902 602
653 544
47 817
731 724
616 990
669 790
943 491
321 904
585 715
144 911
678 76
348 615
701 165
83 1000
359 289
195 768
300 657
145 571
804 257
291 942
934 900
649 564
411 473
53 730
73 234
970 120
365 882
334 707
939 943
211 116
983 722
984 308
989 61
408 496
652 179
468 508
966 279
749 925
879 530
831 671
337 463
338 32
67 738
103 224
241 811
187 205
279 661
358 438
424 543
897 990
426 274
457 583
370 480
704 448
353 534
356 611
128 893
802 853
968 85
950 69
863 812
898 416
591 349
333 125
850 937
652 737
438 280
522 405
659 418
492 561
733 621
845 115
132 482
462 573
66 378
142 703
879 180
114 78
545 392
807 8
935 215
246 738
69 875
327 423
899 574
151 917
456 943
797 131
472 202
660 653
792 573
613 683
173 846
156 956
97 604
95 185
454 200
662 621
187 552
296 182
795 140
135 679
545 933
840 819
594 766
995 837
210 759
355 482
340 406
966 198
948 597
970 13
329 131
311 279
277 419
633 973
135 581
563 950
446 798
573 209
961 631
141 325
658 561
755 591
10 944
137 818
28 729
766 333
324 160
676 93
823 158
275 924
537 305
154 692
231 193
504 484
286 380
568 813
254 176
349 644
813 117
798 475
466 864
158 954
733 830
385 206
59 787
650 338
278 627
45 724
500 647
505 471
371 76
116 855
97 194
580 38
964 133
318 311
767 701
502 555
284 666
882 141
320 686
707 74
946 942
821 478
255 822
574 702
332 680
621 641
858 85
18 364
56 71
511 617
366 356
961 324
85 196
458 502
276 571
170 450
118 308
208 672
564 5
55 694
616 836
900 7
21 759
98 147
761 465
744 641
273 245
896 762
415 683
74 491
718 784
404 728
99 499
727 962
478 397
865 349
3 186
758 128
68 566
853 756
782 688
606 980
940 536
444 463
600 141
84 806
201 198
516 395
839 743
42 853
381 70
222 654
245 567
590 440
362 55
42 631
43 466
405 807
746 159
766 218
987 155
237 536
897 183
373 580
975 618
890 962
102 706
711 816
214 264
350 728
205 203
318 314
176 479
190 361
226 589
651 465
299 411
686 725
373 469
475 762
829 519
208 991
13 590
834 295
475 619
591 841
766 650
483 36
503 185
772 264
386 607
901 172
869 760
213 4
344 461
293 444
919 472
485 700
523 711
428 897
535 680
605 101
387 200
26 392
743 517
139 667
429 473
133 309
882 599
131 207
45 621
464 836
654 185
731 774
211 234
193 395
145 296
468 836
832 110
972 223
619 182
100 965
783 765
879 904
970 980
873 309
296 827
558 183
651 51
230 484
874 6
692 697
567 831
871 101
799 216
177 121
569 847
89 789
756 155
689 230
106 432
659 826
607 716
210 146
655 686
488 880
675 36
6 198
462 260
745 168
176 157
345 570
362 760
200 275
534 744
542 167
998 293
485 254
693 313
859 33
287 584
846 217
258 862
190 285
447 383
722 47
432 597
646 16
298 930
941 588
691 905
473 440
796 389
789 744
704 976
512 131
627 712
243 723
482 297
100 840
195 596
818 958
754 253
57 923
247 152
674 538
515 514
401 102
130 572
826 833
832 398
706 491
692 170
288 304
571 811
662 582
924 453
193 373
736 729
592 413
294 725
79 865
465 853
468 168
16 345
14 756
766 151
62 704
302 51
430 433
736 551
878 870
937 818
279 321
587 836
528 339
965 930
515 111
242 958
165 682
974 912
975 121
149 338
600 325
606 831
794 429
799 188
603 983
361 448
141 514
126 64
591 62
346 423
110 564
951 134
55 461
572 729
751 529
738 561
243 85
543 72
656 356
768 814
717 325
870 429
582 625
864 886
233 804
725 827
51 676
180 320
417 18
493 263
416 638
152 289
890 877
401 592
674 122
551 800
114 79
627 500
744 234
894 912
578 369
541 495
730 52
622 126
826 515
124 45
195 560
948 18
786 149
829 273
846 753
454 762
668 145
541 157
778 625
261 207
39 592
576 755
274 938
639 575
645 368
840 820
838 355
325 820
1 646
904 773
335 495
66 624
566 330
791 40
45 710
940 548
468 307
54 572
44 514
226 509
746 740
413 723
37 435
420 269
918 4
442 197
6 578
743 17
586 220
819 622
89 845
185 910
414 557
336 750
98 901
85 941
637 336
151 559
768 667
699 117
332 634
495 30
189 991
704 557
82 401
48 1
209 506
12 420
417 220
976 941
738 836
280 84
392 526
121 702
346 221
848 375
487 66
90 166
288 865
466 677
432 541
773 346
702 368
561 333
595 640
15 59
623 214
459 126
29 395
9 118
674 864
256 521
919 582
84 397
674 979
142 37
592 168
170 338
285 547
308 708
274 308
320 509
880 451
623 650
607 113
224 57
459 705
723 524
5 565
574 855
709 545
984 32
514 561
603 512
610 166
667 85
425 834
83 282
28 489
601 473
31 986
549 25
399 934
127 109
164 249
862 464
221 504
577 320
373 173
914 537
595 292
918 957
746 728
653 188
359 223
309 966
348 108
512 728
872 782
871 64
448 570
124 971
805 594
125 495
405 181
615 204
764 522
853 823
430 600
695 84
254 828
202 987
561 144
393 742
432 844
695 197
128 117
809 16
635 652
779 182
609 765
919 934
19 394
176 464
159 553
266 289
894 601
881 160
995 314
556 834
891 309
565 60
55 878
369 35
861 537
707 327
587 685
169 852
223 41
55 376
691 763
284 163
52 903
493 787
645 150
994 280
350 6
970 333
450 710
171 359
166 266
613 627
227 264
579 575
554 867
937 121
991 458
403 949
619 907
636 555
749 260
252 828
951 584
862 61
313 928
978 550
699 790
581 475
691 183
202 424
690 69
208 267
588 838
509 321
753 547
918 93
277 331
727 711
413 667
857 637
630 570
326 904
866 757
524 83
158 721
421 893
633 343
64 726
841 387
158 864
127 581
556 339
149 99
262 194
980 595
251 581
34 165
364 280
551 584
557 183
278 568
337 999
253 384
811 820
881 719
713 602
822 212
609 537
605 480
352 341
759 696
733 481
66 654
273 743
865 909
890 552
446 458
199 246
330 611
868 231
156 43
105 725
821 823
273 488
492 147
365 155
900 186
999 732
229 700
692 4
51 180
997 220
473 202
570 728
311 766
739 227
445 116
377 294
330 980
496 436
226 5
279 13
942 695
431 182
622 671
809 395
862 142
791 918
118 910
286 842
978 268
89 692
723 823
933 481
58 941
870 954
249 62
253 542
71 397
809 316
41 842
904 584
709 283
106 864
931 785
20 582
240 742
314 885
331 689
542 693
818 133
567 770
288 876
58 382
790 39
277 208
556 810
98 654
606 719
461 659
352 142
615 135
177 501
572 730
626 545
480 290
500 685
820 716
103 448
675 195
768 815
163 823
402 549
534 282
721 769
82 228
580 204
391 863
413 163
986 359
128 61
544 885
582 641
471 322
275 431
556 996
940 331
264 700
998 593
254 673
404 852
496 989
686 786
493 40
939 146
651 742
156 152
125 573
679 204
204 172
170 492
722 689
942 902
310 732
666 844
39 706
649 154
778 638
415 915
181 541
554 25
256 844
791 724
98 141
744 679
685 251
880 423
933 163
330 968
574 175
443 699
909 442
72 671
14 294
164 375
684 894
421 352
313 879
957 430
279 134
109 228
340 400
459 514
10 812
301 347
570 95
970 922
775 631
903 578
482 592
222 630
311 111
317 642
451 400
269 543
400 850
129 436
22 441
101 464
646 388
249 677
5 260
684 337
153 431
709 162
432 210
250 825
34 378
146 864
632 81
211 765
160 716
638 107
798 579
931 329
769 102
127 618
129 199
206 983
526 495
622 479
150 686
321 488
637 34
655 903
582 749
786 562
487 875
91 130
972 777
111 207
367 817
759 755
29 72
285 254
142 665
733 736
973 177
155 542
47 548
51 417
177 814
108 598
90 505
240 422
938 171
649 468
511 546
503 215
554 475
403 333
276 709
190 903
999 663
553 330
143 279
496 30
217 148
435 77
644 127
249 216
918 584
157 319
680 683
273 235
148 897
509 636
151 14
652 561
937 14
109 896
148 880
539 97
226 188
1 677
340 436
415 314
813 659
705 266
706 613
863 215
179 927
71 597
391 338
528 412
21 558
542 653
10 546
103 213
609 48
992 184
422 831
775 889
297 714
343 283
879 709
662 149
757 281
885 468
137 526
287 427
582 412
418 33
715 829
457 541
954 602
764 634
432 845
8 908
480 601
86 709
968 254
20 51
721 986
342 743
907 333
