1000 9894
176 465
638 865
986 462
454 493
472 584
547 691
640 511
125 899
697 2
717 255
310 575
685 609
65 888
651 721
411 660
32 367
859 274
308 20
555 125
60 693
591 843
942 847
928 169
985 424
308 443
882 992
350 794
846 703
460 334
411 946
251 179
535 565
226 289
795 808
673 308
913 229
566 697
460 556
9 732
624 917
308 584
679 551
562 343
874 709
948 408
701 96
761 205
581 474
411 510
322 815
966 12
749 660
606 39
58 633
717 637
978 694
311 248
743 190
201 23
671 894
71 718
828 331
371 272
944 328
943 618
840 265
414 380
991 798
25 3
29 603
548 312
509 900
525 600
103 145
627 142
20 96
523 123
656 536
987 22
367 248
388 915
418 406
424 967
575 180
526 584
449 308
470 98
200 578
590 339
739 951
911 7
513 764
218 362
240 494
259 676
320 438
536 954
5 473
583 796
35 794
606 455
109 149
844 456
898 167
402 64
183 547
661 895
593 601
779 792
504 928
486 720
69 456
794 500
490 671
680 867
214 903
807 570
810 490
667 111
895 172
625 473
179 934
474 858
805 166
148 671
315 166
802 684
359 145
714 96
399 782
757 14
118 728
780 123
509 1
486 28
974 769
137 868
215 423
179 757
770 464
55 94
115 243
847 162
29 575
945 926
139 35
987 295
327 830
261 604
387 785
337 238
656 358
537 229
385 272
884 88
578 907
561 223
498 303
90 849
107 917
183 472
759 633
744 462
746 356
655 930
570 214
441 922
518 603
873 895
46 835
566 138
398 296
111 283
976 112
964 465
342 69
990 593
384 613
522 951
174 655
431 273
678 818
751 856
864 132
9 937
816 567
873 554
521 70
227 101
53 545
937 150
648 95
966 1
316 821
118 201
602 701
197 359
930 884
878 550
931 558
936 120
240 805
28 566
805 858
516 259
918 427
889 41
906 95
681 835
508 721
35 518
185 690
520 597
560 610
619 1
106 212
968 263
73 485
400 851
612 862
24 671
997 644
67 707
106 103
880 578
257 111
806 711
266 247
193 957
988 759
175 327
720 646
812 174
832 532
816 169
194 629
582 892
621 826
214 624
436 682
552 627
203 737
310 135
99 976
940 10
262 26
581 776
730 722
676 540
54 152
315 903
972 745
594 389
617 60
545 335
90 164
487 874
238 84
885 819
389 62
122 757
637 146
327 358
475 659
117 830
781 893
484 835
621 382
379 127
330 553
502 891
964 580
696 922
949 296
74 594
520 328
369 150
433 189
564 145
123 483
574 763
181 719
464 573
1 593
527 188
341 393
89 416
978 798
890 178
620 367
982 642
473 946
402 398
277 738
409 474
601 430
736 643
572 377
679 567
459 592
443 823
305 810
144 232
859 243
240 833
663 3
259 201
727 844
853 753
670 985
947 372
736 481
850 409
858 956
433 95
508 757
241 918
373 461
230 78
233 314
90 725
54 824
861 424
21 161
719 62
704 365
334 472
581 57
968 434
742 524
846 439
836 959
866 561
245 564
343 395
632 604
127 560
519 388
23 346
673 572
584 241
158 36
489 371
732 473
333 245
719 717
617 911
618 464
11 258
506 982
860 735
470 869
16 668
240 496
313 46
140 915
759 545
741 22
941 724
995 407
975 917
561 961
925 96
324 633
788 168
226 571
544 668
235 257
194 29
378 494
347 569
61 747
887 163
299 698
982 93
296 577
977 563
501 405
174 549
925 307
964 286
320 329
636 839
705 848
70 805
930 730
400 305
825 496
442 724
350 53
84 129
342 585
640 704
476 507
259 711
867 250
255 73
865 269
939 822
430 79
22 149
692 533
643 75
495 924
763 648
224 64
701 690
54 772
914 797
828 315
757 331
428 73
999 258
106 447
570 366
349 713
854 942
926 363
802 845
80 439
915 534
842 602
203 728
241 621
719 816
686 427
85 724
803 333
314 258
975 587
637 120
489 760
509 741
169 762
497 805
355 707
446 238
566 175
497 182
260 342
355 848
755 275
981 861
437 973
154 542
238 878
425 179
557 650
83 811
985 395
514 947
414 757
221 969
317 470
925 279
360 551
423 718
188 482
225 616
2 481
661 77
44 868
674 1000
707 828
622 669
575 553
444 61
235 96
221 397
369 666
634 187
623 930
862 430
990 355
793 677
277 508
923 294
970 188
357 558
892 897
272 148
76 906
233 353
849 543
728 97
395 626
664 596
292 957
721 613
44 206
56 644
453 398
640 855
850 18
462 500
854 970
122 477
656 359
604 37
641 469
972 513
902 476
264 764
107 131
215 117
695 271
778 169
172 840
695 436
391 750
413 82
333 440
336 65
12 880
829 866
952 267
327 381
355 844
351 871
995 350
808 131
534 836
497 35
759 271
482 345
580 834
981 881
178 638
195 676
751 859
609 886
276 771
718 330
132 437
110 90
274 444
661 688
422 204
705 992
503 857
27 284
311 732
772 82
189 32
49 981
636 911
857 78
142 366
535 749
972 393
903 777
283 672
371 230
849 959
83 259
128 266
960 111
887 604
619 226
602 988
508 867
89 519
418 599
398 673
738 172
940 560
858 985
676 202
969 64
790 86
849 746
166 796
831 814
779 707
728 793
34 406
938 208
510 179
628 370
408 383
524 21
426 870
489 116
435 890
2 811
315 272
559 637
488 828
87 277
186 47
955 777
686 368
983 822
289 814
920 248
564 687
285 474
983 167
427 432
944 135
90 433
744 299
392 384
817 417
86 814
32 416
436 969
953 225
687 515
648 593
21 689
209 305
419 874
713 815
389 78
910 352
382 116
324 917
56 75
53 823
385 831
299 337
262 615
981 789
88 732
252 343
330 697
956 597
924 251
247 172
902 550
635 15
781 431
164 439
169 31
481 285
759 166
796 172
725 114
2 425
645 337
230 515
14 256
643 176
274 725
13 120
309 801
205 976
679 343
838 108
73 166
881 843
776 589
272 220
326 931
590 620
75 737
222 592
975 50
993 215
135 216
836 376
803 114
966 738
127 674
797 589
917 14
111 926
591 352
188 661
963 265
927 866
819 877
557 225
688 16
780 576
655 628
490 547
627 37
65 604
925 206
466 757
68 833
146 759
842 872
717 108
114 3
699 151
302 786
148 151
774 974
237 199
262 688
156 339
837 804
933 549
237 88
661 534
475 623
756 916
89 225
604 704
971 207
921 982
39 311
683 987
697 849
411 948
985 479
35 864
195 148
933 775
436 481
420 942
213 861
23 259
868 300
528 943
395 664
655 462
948 324
330 959
113 261
169 123
44 897
796 176
354 882
565 509
307 485
607 86
66 516
430 477
838 430
306 23
179 223
677 100
472 632
74 11
79 830
491 106
780 371
410 732
141 167
698 740
952 716
917 582
40 6
240 938
652 309
504 211
12 84
892 894
44 453
690 467
396 330
880 941
534 160
866 752
371 274
640 214
174 307
323 663
314 586
107 849
278 733
626 963
157 516
247 553
103 328
513 276
788 86
737 246
557 35
85 866
858 546
486 291
629 342
859 49
383 953
43 306
225 587
245 952
894 271
141 845
458 999
442 883
959 369
287 564
682 534
59 573
812 405
9 320
228 92
410 936
381 426
536 111
384 748
422 372
656 576
601 338
87 376
125 933
972 930
962 200
88 741
289 274
954 548
593 300
481 522
544 524
303 305
269 449
18 195
421 134
683 831
920 539
128 724
653 603
820 508
126 863
622 832
400 399
826 845
578 186
160 271
986 919
572 476
631 931
951 315
621 137
469 492
754 554
176 195
723 969
844 937
412 540
605 437
59 465
188 59
10 823
338 360
853 711
392 982
698 760
680 899
505 282
748 306
384 511
903 488
686 8
889 252
139 327
124 927
451 441
782 543
839 538
93 916
353 847
323 883
253 238
269 585
917 429
422 837
849 431
791 452
187 480
662 141
82 22
104 135
410 545
249 639
927 4
965 337
987 313
594 125
651 206
263 252
67 263
964 31
851 819
116 888
392 534
449 603
341 605
931 319
589 263
190 338
266 386
105 378
34 934
381 477
823 746
593 221
581 187
685 645
47 668
360 72
267 564
933 667
937 728
518 47
756 558
260 331
703 993
336 209
65 949
708 841
601 337
33 215
270 228
588 295
517 877
964 750
479 214
616 40
134 439
428 656
782 323
288 3
750 55
365 235
220 786
773 4
764 471
88 880
319 749
472 207
296 413
167 394
416 790
677 218
827 677
312 598
615 514
283 471
585 635
808 278
40 160
408 644
321 649
875 238
359 465
487 28
786 341
861 783
109 554
274 513
477 6
994 144
956 395
325 82
862 395
511 379
170 833
444 288
874 317
158 626
126 134
36 106
510 33
138 262
594 940
571 400
978 271
465 736
552 456
954 356
192 471
410 402
749 38
324 60
77 376
254 181
607 755
574 14
405 157
779 416
175 775
470 637
200 113
901 989
663 530
298 546
171 304
978 192
63 998
102 840
532 848
751 341
384 7
917 163
774 244
181 463
263 369
507 361
311 999
733 987
459 458
633 483
834 690
466 526
214 336
587 982
242 751
717 71
829 909
831 195
270 337
91 820
328 578
760 581
554 311
38 876
631 295
635 800
998 850
565 85
640 308
473 101
114 337
613 889
942 929
13 947
87 518
329 614
934 5
994 368
316 868
578 115
355 214
907 895
911 799
476 610
517 500
956 692
153 641
69 509
307 392
861 625
697 528
169 431
987 903
89 320
681 4
420 248
210 724
604 219
921 422
667 198
619 193
729 385
718 567
476 166
85 919
909 782
123 783
440 783
314 808
278 839
369 516
235 486
51 835
71 884
862 641
577 535
392 865
853 834
451 286
680 264
148 294
647 188
223 470
656 273
396 532
716 865
453 581
784 501
896 223
321 486
845 212
77 170
99 974
619 827
716 652
376 541
341 533
750 691
950 433
203 540
39 242
258 887
902 52
461 348
134 194
708 227
11 405
566 193
273 622
551 791
446 224
789 878
281 703
285 223
108 550
829 514
996 53
446 466
194 27
822 977
30 685
270 220
588 367
200 696
899 748
494 318
119 87
769 369
945 602
180 201
401 236
826 711
426 171
37 275
892 807
706 17
853 238
319 518
235 715
199 44
915 263
630 496
608 514
355 242
250 4
424 441
207 470
88 304
766 867
594 557
553 412
257 719
244 585
724 339
966 240
992 539
990 250
829 168
481 26
317 884
364 433
827 971
610 57
379 960
14 575
298 97
291 150
295 710
991 613
188 886
631 514
182 348
771 785
136 792
983 99
822 364
699 467
148 540
508 505
345 138
315 347
561 39
929 475
550 822
660 349
423 465
25 802
637 389
765 176
419 995
959 902
635 684
154 745
358 633
491 961
880 502
601 669
661 343
313 185
199 213
800 677
346 947
635 891
251 114
307 772
534 809
617 421
81 928
712 761
695 798
717 962
596 757
924 60
197 279
579 843
929 722
454 855
495 851
991 116
558 681
631 13
890 377
503 446
565 431
606 341
820 275
357 474
331 454
408 681
540 146
62 634
725 154
265 980
395 613
822 780
184 740
131 959
244 988
690 146
643 24
130 125
59 321
830 718
395 835
789 415
386 766
897 822
426 742
120 47
926 683
837 500
340 572
896 458
328 28
662 225
978 26
741 616
334 22
875 734
641 442
520 485
861 287
388 717
449 937
988 902
440 660
556 194
360 615
561 220
945 893
531 516
702 639
369 980
299 56
640 156
470 163
793 434
467 923
746 498
68 666
410 106
752 382
578 731
280 394
209 356
910 650
177 774
454 518
865 941
937 616
129 699
792 357
687 604
834 992
392 83
527 391
609 884
904 206
762 654
973 878
855 907
97 741
739 178
721 483
80 501
394 925
887 26
243 204
2 634
752 263
734 379
222 431
518 616
759 220
725 92
674 682
970 341
240 122
444 108
669 613
360 416
36 806
520 235
887 681
632 216
412 609
442 492
938 553
499 757
128 691
787 708
75 630
371 431
321 987
67 934
323 560
508 748
272 242
344 759
781 131
560 613
577 665
451 404
750 856
310 457
262 364
803 88
366 976
992 15
594 880
728 569
369 371
841 894
732 496
94 969
917 162
258 993
423 409
461 38
49 427
707 786
83 295
554 924
774 132
853 279
581 646
577 391
167 101
336 47
320 676
67 145
485 386
270 342
808 921
56 222
988 210
957 124
975 803
499 641
158 395
287 671
312 55
332 394
7 674
324 806
801 317
271 217
735 260
493 921
350 802
77 602
743 825
760 385
726 73
798 714
123 484
179 438
252 704
53 954
921 873
596 557
374 215
446 736
428 923
359 641
491 265
511 986
331 160
632 973
650 880
880 789
87 871
45 515
487 178
749 283
622 603
734 113
934 887
80 654
449 271
563 107
897 547
92 721
257 908
3 160
944 844
580 686
634 492
563 920
529 216
273 410
428 757
876 320
642 392
606 873
866 746
704 241
867 671
746 852
747 181
965 246
54 831
292 864
405 79
962 796
858 733
529 907
289 750
641 369
608 908
491 512
171 654
814 54
323 987
79 446
119 637
393 745
20 72
388 532
688 18
483 622
300 328
565 756
586 177
508 43
884 446
331 883
364 813
656 591
52 328
604 781
254 658
61 518
150 825
696 859
401 449
312 100
938 248
791 322
322 69
171 792
735 491
367 567
521 921
576 671
901 150
541 175
359 596
696 40
571 916
327 250
957 159
904 21
658 28
679 502
131 164
795 221
759 132
743 515
855 657
56 501
510 248
579 691
503 763
843 326
484 502
352 699
577 438
481 25
27 917
35 446
309 771
805 142
718 737
995 528
427 740
41 330
40 407
150 204
614 481
740 804
845 691
978 103
686 204
6 839
128 776
2 785
499 233
395 482
806 768
110 397
242 829
392 636
428 362
858 467
395 371
489 364
112 965
663 970
902 390
836 398
360 479
512 460
270 492
128 453
972 766
647 470
614 904
266 383
548 617
473 273
715 823
113 778
459 354
705 590
171 182
997 238
564 391
30 383
549 872
380 224
705 767
462 970
817 713
584 571
89 195
877 106
215 519
717 961
367 696
207 663
62 142
416 780
825 416
238 591
544 8
874 771
766 781
69 547
307 82
669 671
420 851
592 260
779 796
677 181
734 446
493 532
693 483
994 27
112 232
666 297
169 386
193 617
201 934
443 993
351 680
923 916
163 510
349 407
962 930
528 472
16 140
733 49
610 316
97 471
885 374
266 844
799 186
435 867
898 153
956 391
101 264
358 425
736 121
789 225
793 230
479 655
86 551
582 472
726 398
241 526
242 801
831 459
439 653
945 892
882 273
78 314
444 928
276 857
677 819
494 149
958 804
686 791
214 20
494 260
522 947
695 508
947 642
549 602
535 923
321 67
881 11
886 804
691 310
378 7
929 765
353 79
19 373
704 849
151 880
339 656
503 413
456 980
666 619
792 802
210 607
175 239
14 299
790 408
124 667
870 586
246 208
106 943
841 336
18 745
648 304
705 289
779 998
373 211
670 993
253 573
770 255
50 130
500 202
27 714
106 833
452 853
884 816
174 254
875 927
292 845
900 908
63 514
928 905
654 695
604 486
732 211
434 554
850 98
82 504
823 949
992 511
567 432
495 405
977 510
232 179
820 604
910 297
388 960
674 41
482 722
953 230
458 652
4 752
439 707
132 204
246 551
399 698
780 701
381 592
441 811
836 884
677 525
38 866
631 289
887 219
143 481
191 320
677 521
80 323
247 169
491 379
683 889
167 424
423 514
173 683
959 988
587 485
131 331
313 684
687 966
820 293
549 801
553 422
673 292
546 590
120 573
445 296
835 864
263 840
986 764
127 154
902 619
434 906
642 359
880 166
734 1
735 872
839 643
945 126
150 459
219 721
364 478
311 225
577 715
653 182
235 331
988 267
679 998
637 556
672 912
116 130
791 409
334 476
340 629
15 899
591 201
898 321
223 812
392 754
177 304
585 435
125 90
287 831
241 581
737 344
812 142
776 908
91 333
58 90
86 623
519 17
465 142
284 582
379 320
930 48
586 702
381 274
680 423
55 721
593 138
976 798
523 163
572 653
432 928
972 810
718 721
276 785
515 675
926 207
858 129
768 185
150 607
536 133
76 198
333 753
963 838
927 675
320 156
240 455
39 419
223 134
459 777
602 61
54 6
345 12
117 560
213 13
131 278
95 105
649 213
273 234
181 592
23 397
268 372
805 427
37 49
455 742
57 723
83 335
50 451
828 243
740 468
518 851
690 236
356 968
729 370
567 534
862 438
927 382
359 249
1 275
594 882
172 284
706 868
47 503
693 846
589 685
1 140
904 798
900 836
387 939
686 205
64 556
176 950
491 620
996 512
318 620
603 750
167 889
851 492
121 655
819 842
202 840
846 177
919 4
52 446
196 517
998 431
967 614
540 522
156 259
673 175
394 408
177 792
977 881
445 827
941 982
856 638
673 24
820 217
34 722
532 341
769 621
147 945
792 442
868 237
800 901
138 532
545 653
398 226
716 41
485 364
646 452
388 476
485 780
490 998
471 873
790 659
780 477
499 844
743 721
729 3
605 656
834 350
818 891
984 111
338 271
808 317
934 813
277 550
773 737
279 120
283 381
401 466
383 36
978 516
706 567
391 499
175 296
378 676
767 386
606 4
434 826
944 523
301 386
653 109
747 94
196 744
490 461
736 429
202 302
906 603
10 532
310 519
234 54
144 466
254 13
567 166
645 874
62 948
585 105
837 173
328 30
555 833
25 226
923 713
980 526
28 915
33 575
620 533
271 621
827 405
276 405
63 975
547 50
343 79
698 170
65 767
480 459
870 420
394 203
68 998
20 1
775 243
523 154
509 199
339 174
66 52
932 990
96 598
376 301
636 336
998 587
466 696
30 457
769 687
589 102
147 239
313 219
756 553
722 393
228 450
982 191
929 33
125 582
511 637
631 348
264 896
489 192
907 630
421 214
921 994
649 51
672 945
820 44
75 95
448 331
268 734
53 556
570 646
238 616
956 659
829 411
525 310
908 526
321 876
909 291
485 945
293 206
459 730
706 377
321 797
857 963
715 493
899 226
170 554
524 717
84 52
397 241
678 322
166 566
341 42
357 765
359 340
933 272
24 966
996 900
334 295
852 416
908 82
19 929
520 602
426 841
745 557
874 331
197 166
718 504
332 769
29 621
841 915
915 282
609 415
242 608
81 806
466 856
304 3
209 744
197 984
290 234
453 622
737 307
109 884
358 293
91 506
592 581
257 268
719 756
171 322
463 934
393 860
627 327
615 229
336 402
211 946
642 520
591 607
295 50
285 248
127 38
842 963
147 11
845 480
332 53
316 658
206 618
87 317
713 886
511 529
132 236
647 575
840 54
651 568
90 957
212 705
930 576
700 622
739 208
888 253
373 882
778 540
636 824
602 376
216 179
382 736
806 70
479 378
675 777
568 439
553 421
554 886
924 654
809 58
173 588
251 441
731 818
816 81
553 54
849 927
61 247
423 582
925 878
909 41
16 408
453 125
625 484
754 704
519 942
359 381
922 916
852 85
19 839
875 92
311 224
614 507
994 3
45 948
965 99
794 615
847 67
188 988
871 121
914 818
954 263
292 866
671 934
159 210
935 621
895 193
823 920
880 754
721 985
722 13
559 898
875 553
414 183
517 750
837 637
271 891
536 488
721 988
613 198
142 716
660 9
807 234
99 721
673 130
211 831
142 895
916 60
312 102
575 239
251 107
255 931
130 782
256 637
989 997
332 424
367 231
834 38
191 359
892 208
522 731
597 261
820 484
749 74
787 213
592 139
704 856
553 368
950 786
763 323
636 947
692 845
986 558
249 186
819 205
602 638
588 701
968 989
679 726
97 894
334 637
154 495
428 533
982 909
508 816
244 161
719 330
956 40
407 864
447 951
505 258
35 305
600 751
330 383
280 680
267 354
895 410
609 229
353 807
137 882
624 422
662 216
96 15
921 82
873 329
391 82
215 270
36 387
367 435
922 428
690 640
893 903
254 835
348 284
931 263
312 437
755 75
811 813
349 998
561 774
251 696
725 912
29 921
926 153
914 757
53 19
30 394
919 816
298 938
159 667
555 206
78 617
227 145
815 624
375 57
69 894
51 415
364 814
133 137
227 254
872 233
800 902
928 203
416 927
611 324
207 657
544 411
377 702
749 46
786 56
164 612
423 958
402 305
297 29
778 980
486 635
458 232
114 630
925 344
869 998
891 786
969 764
472 388
734 444
61 206
374 319
891 643
654 157
982 574
749 737
252 863
218 859
616 682
112 377
844 906
757 103
405 306
448 859
927 349
620 225
73 98
2 62
741 399
944 667
562 38
747 238
194 280
180 869
457 876
577 547
173 88
727 593
35 45
788 715
435 869
679 525
662 228
849 419
551 738
906 698
634 551
410 557
432 45
287 865
861 284
241 691
210 366
48 29
546 500
910 845
570 510
141 688
310 189
737 391
629 913
56 676
300 387
79 599
656 747
841 673
533 91
214 328
161 188
769 317
493 255
403 235
684 168
647 308
850 704
651 817
319 903
363 799
489 616
139 956
788 254
983 791
864 224
372 819
893 495
25 630
346 914
419 962
60 644
955 756
705 729
601 920
229 999
782 327
820 190
531 965
346 773
863 376
433 612
355 81
483 100
255 712
994 360
599 387
624 757
240 238
214 430
65 501
714 970
992 760
274 347
596 490
409 448
825 763
818 796
362 416
678 240
296 78
152 455
395 898
322 766
16 445
374 485
710 48
947 286
54 564
917 537
27 716
50 167
676 247
509 258
258 440
945 970
442 858
176 785
802 573
128 980
664 518
239 478
17 819
876 637
699 28
225 405
779 420
104 578
106 496
680 224
878 990
552 746
472 504
543 20
431 782
395 300
125 37
182 130
144 154
147 447
572 612
96 277
414 235
822 228
327 574
361 603
242 978
105 346
287 520
241 266
831 714
428 594
53 75
321 259
566 221
240 477
498 925
47 914
530 456
492 323
688 516
799 996
708 591
491 381
199 68
146 80
809 784
157 919
701 976
367 473
479 468
36 615
165 69
807 666
97 631
106 751
252 929
793 684
148 904
938 726
304 646
250 206
107 203
469 416
571 728
255 83
520 138
978 570
779 951
525 135
359 497
641 906
793 663
734 7
762 212
191 996
988 406
952 698
316 283
784 45
69 61
292 796
244 53
33 900
456 29
936 775
903 189
45 85
121 407
504 265
747 327
875 778
34 294
141 578
917 481
189 906
944 385
367 15
580 252
840 65
586 557
872 76
609 644
974 396
958 561
315 529
523 84
507 265
42 670
793 510
794 929
9 303
797 286
314 974
521 452
26 938
152 353
805 347
678 830
711 585
640 502
768 187
418 508
540 599
907 544
964 535
252 257
90 420
678 749
716 432
60 588
137 173
502 857
393 291
322 243
972 153
22 752
294 117
321 387
873 740
782 174
955 20
456 816
707 282
961 89
924 75
672 20
691 368
341 439
679 499
807 702
776 210
388 280
62 499
959 579
873 579
748 150
126 518
554 875
574 366
192 56
430 486
53 773
133 289
349 238
350 345
408 704
904 709
525 171
781 1
838 50
487 32
948 534
236 352
398 755
572 138
173 337
582 55
675 659
71 566
370 641
704 161
316 319
692 642
205 721
79 200
82 156
196 404
586 796
434 609
336 543
614 198
620 206
328 115
880 640
261 609
997 855
671 42
664 796
846 4
186 339
195 3
824 465
73 995
717 442
848 311
370 39
389 495
48 303
211 877
74 887
324 564
643 900
716 758
453 1000
363 283
543 60
200 135
445 968
564 386
506 726
859 198
933 627
695 628
419 809
412 38
488 324
393 765
556 685
503 148
584 574
496 206
739 154
846 738
170 387
905 204
764 319
341 474
514 828
566 749
145 199
296 309
369 801
305 569
730 490
605 750
491 466
916 955
331 365
634 142
652 609
530 69
344 208
914 292
389 726
999 779
526 425
443 733
412 537
711 863
482 981
800 434
729 332
527 513
162 983
190 634
662 808
791 140
522 570
26 6
605 338
709 404
681 755
723 8
317 743
466 227
50 994
487 699
92 41
866 512
928 991
250 813
715 877
662 340
188 747
300 493
863 790
58 203
680 727
816 19
401 723
257 343
612 741
59 751
426 294
625 449
985 557
91 190
456 739
519 232
996 235
979 275
836 380
384 717
650 248
322 25
221 773
441 893
962 41
247 81
907 616
69 849
950 526
902 941
356 511
30 632
752 428
894 891
697 285
744 768
601 185
29 416
424 486
278 385
777 294
706 452
545 962
160 288
288 341
677 197
496 456
994 75
44 838
889 359
173 614
981 191
657 153
469 395
776 377
830 908
302 229
503 700
107 127
18 740
572 195
305 977
351 632
454 451
809 382
839 983
67 929
996 902
942 36
780 391
819 347
362 210
557 542
836 461
500 68
391 247
139 358
965 30
54 855
441 402
101 472
928 908
361 427
738 635
611 763
336 743
763 916
439 905
957 844
318 554
266 65
430 692
551 520
796 268
525 921
413 159
200 340
256 198
948 828
8 615
426 282
523 184
708 244
671 256
485 317
267 966
161 95
510 704
60 843
521 431
337 894
48 759
980 992
843 564
695 527
665 584
926 598
744 207
5 439
177 806
735 499
203 802
275 177
830 413
207 104
536 842
313 471
429 685
564 152
69 710
530 344
701 257
276 700
540 897
355 221
999 540
839 288
375 262
216 181
514 740
108 387
291 677
553 282
548 72
169 1
554 884
810 282
518 987
887 89
9 569
74 17
175 381
303 808
676 310
541 182
173 364
672 693
913 344
585 884
433 199
586 7
895 19
681 297
761 27
597 645
308 290
585 197
35 228
988 262
791 293
940 673
121 293
93 983
828 302
671 104
500 975
896 438
950 249
77 323
557 57
405 188
380 788
966 631
148 146
426 476
102 873
195 153
912 532
812 24
595 984
823 696
276 173
116 556
119 415
47 738
820 930
695 482
384 774
307 958
180 432
808 889
872 96
708 910
527 330
700 814
185 335
114 287
388 297
706 316
105 736
695 817
481 596
167 504
526 83
40 944
134 658
340 131
696 378
22 979
317 173
394 950
199 841
610 208
937 96
278 312
960 399
908 935
916 775
805 57
168 50
39 881
210 693
128 704
571 596
787 659
583 24
813 751
173 336
12 82
219 574
537 725
774 730
775 695
334 285
601 387
33 822
736 371
185 755
797 780
282 363
656 84
141 532
608 829
185 604
556 437
889 964
854 822
893 788
694 303
107 643
681 123
479 663
121 547
582 496
876 725
98 821
146 701
578 639
973 467
812 508
318 333
659 403
327 513
536 454
510 649
713 722
627 436
313 188
976 140
388 810
708 851
381 533
424 606
721 216
705 755
683 735
817 717
341 135
217 905
18 170
327 436
313 414
151 906
781 527
416 913
401 195
221 962
208 723
448 354
397 407
437 950
681 495
140 511
35 659
752 367
736 459
293 215
552 146
923 96
854 323
70 907
622 676
807 562
995 850
782 998
27 964
658 798
986 691
92 742
918 276
376 337
225 94
16 482
201 938
933 377
258 35
611 915
885 80
23 225
390 556
544 731
287 188
823 286
566 562
222 899
225 173
905 873
830 296
675 287
658 595
254 48
862 691
117 131
832 866
63 746
410 440
874 229
879 660
976 669
520 671
353 690
620 528
716 855
642 878
977 261
88 439
323 919
529 736
219 198
93 545
703 696
100 323
432 781
290 423
536 435
202 875
629 512
6 43
238 855
756 645
502 629
284 312
323 322
364 622
153 125
312 177
644 369
192 635
940 467
308 37
346 912
347 457
497 36
211 435
852 666
209 488
442 881
191 296
324 975
809 681
834 108
872 199
159 51
38 36
235 457
575 263
282 602
100 997
468 897
622 870
236 229
458 187
189 57
264 368
88 916
610 809
147 541
611 64
500 385
847 198
320 39
32 875
714 859
225 40
205 852
22 778
459 684
250 283
524 43
900 731
792 964
245 484
373 223
219 774
399 965
813 311
279 383
905 820
176 644
89 22
32 696
19 930
315 75
279 492
391 246
399 667
92 415
936 813
296 652
595 112
615 220
783 989
254 191
699 30
862 574
477 452
101 296
504 350
897 55
892 409
685 944
944 118
466 998
361 196
717 287
132 683
154 699
29 829
713 392
676 516
326 745
28 725
759 597
121 821
161 615
271 683
263 525
871 760
506 668
214 197
693 632
885 940
947 629
933 522
844 219
826 442
591 894
8 469
707 341
378 325
235 596
659 22
329 671
368 773
352 872
385 929
389 873
217 114
165 242
665 794
133 340
496 102
580 509
191 691
50 261
621 186
937 11
848 602
350 484
796 218
355 442
374 458
602 665
841 487
804 765
752 6
684 859
331 389
723 903
279 189
616 597
446 854
549 15
883 717
610 47
295 843
443 956
435 259
969 404
379 442
669 437
886 371
754 607
656 218
969 101
61 491
177 74
132 986
349 332
173 305
967 688
709 252
893 783
348 132
613 400
104 942
776 801
410 885
909 635
589 487
770 259
333 169
633 419
172 233
45 373
375 530
693 441
860 158
988 843
393 893
432 981
180 659
627 42
24 191
779 976
945 521
173 449
109 356
593 31
42 303
761 973
557 508
280 344
299 404
412 173
603 66
786 926
642 666
857 676
336 159
834 946
686 851
928 307
693 125
937 427
105 227
742 666
530 298
40 546
151 982
652 793
778 684
88 814
288 176
416 997
882 872
847 974
231 405
947 924
490 529
365 463
352 594
540 21
670 752
382 914
66 396
98 61
175 388
131 73
278 168
348 433
981 487
434 830
581 338
965 947
435 620
522 388
757 49
728 809
585 224
343 720
415 39
382 46
771 791
277 194
25 409
693 842
931 93
996 701
465 435
232 578
374 781
15 995
684 575
827 397
497 610
668 911
7 127
615 234
998 246
784 440
76 981
457 544
498 396
334 222
431 960
177 673
417 146
594 918
544 867
410 793
569 272
94 789
95 612
646 124
993 688
544 978
119 354
781 987
68 684
479 874
686 764
845 421
151 532
317 268
947 685
158 452
161 352
968 624
925 367
208 837
674 958
821 829
345 108
881 98
209 685
619 690
449 222
92 850
200 952
865 726
479 302
173 512
778 930
639 413
342 621
143 628
98 449
791 444
744 595
784 826
969 370
52 562
40 90
525 205
283 750
784 841
359 59
733 362
363 426
928 946
741 815
558 879
714 105
310 372
112 459
476 100
847 407
614 390
283 524
875 950
491 929
755 748
956 576
975 499
135 136
68 189
913 550
533 789
92 43
477 511
79 351
48 129
50 627
51 915
451 109
699 211
58 201
371 898
851 396
985 898
307 682
306 811
347 189
457 685
759 624
850 812
926 364
655 949
158 247
452 464
825 922
879 75
203 986
313 110
668 3
926 248
341 952
893 379
772 518
4 680
835 754
194 743
622 154
824 205
40 732
423 649
995 292
317 272
286 16
997 414
337 50
963 770
438 410
360 877
969 833
380 368
665 908
294 832
482 448
246 361
503 378
159 926
476 742
313 554
133 383
652 626
194 383
235 773
990 779
701 364
774 261
450 516
930 794
408 796
814 420
458 44
876 37
520 63
519 817
335 496
637 445
53 743
145 348
475 899
801 777
380 970
254 371
725 234
556 104
535 56
667 864
943 983
804 15
805 978
383 314
962 899
376 76
859 521
84 756
755 889
956 416
410 524
492 980
681 911
646 651
817 255
250 958
134 78
275 356
149 387
119 437
411 612
671 258
985 527
488 81
15 366
664 116
224 571
775 352
834 828
640 493
539 922
788 157
384 683
354 473
962 152
768 321
110 187
271 182
845 365
460 205
905 40
579 397
1000 490
288 38
916 680
791 556
646 497
598 30
655 77
274 408
94 297
791 669
518 703
825 26
160 479
605 675
198 379
471 813
772 62
810 137
518 590
723 680
995 911
498 717
620 352
842 981
476 488
226 479
4 343
801 788
28 333
457 493
311 478
226 178
193 526
826 421
344 825
787 745
899 83
6 763
629 239
212 240
685 463
888 293
412 865
897 711
311 109
576 386
154 216
590 341
465 342
263 658
327 256
803 122
71 770
992 33
261 522
673 602
600 550
304 35
606 540
555 538
23 748
64 995
249 791
875 557
322 167
93 616
976 900
295 236
996 335
778 134
263 338
177 533
566 41
15 733
573 943
298 803
429 70
960 968
677 869
825 978
399 35
844 224
730 5
116 605
673 134
857 417
458 572
522 997
621 345
747 930
21 959
597 400
744 956
269 418
125 763
702 117
868 325
873 745
433 724
910 102
536 983
630 459
776 70
834 196
429 544
615 84
17 364
169 99
891 122
523 832
967 433
625 43
1000 898
602 634
606 130
684 824
985 404
980 51
999 881
50 8
398 758
644 778
3 130
406 205
687 180
264 195
126 374
292 172
24 514
701 856
939 975
546 667
74 733
379 950
606 626
516 595
205 718
870 192
448 529
932 483
736 228
560 946
779 400
304 112
885 473
491 738
111 853
189 939
814 890
690 700
103 465
474 307
989 400
202 994
993 882
577 790
813 785
926 483
86 652
432 867
343 23
901 687
404 393
578 556
676 617
390 172
48 339
234 546
168 972
423 44
959 462
617 227
68 685
556 906
81 302
172 899
636 440
764 229
960 946
337 725
322 163
215 684
208 838
246 258
247 255
643 564
661 675
740 428
891 968
263 907
523 440
515 526
53 467
888 818
77 135
540 122
245 236
502 245
505 87
468 77
363 145
316 9
321 677
732 641
490 665
843 280
827 639
828 172
518 816
308 852
684 947
177 753
334 716
444 276
430 227
88 502
605 175
550 752
457 135
941 173
852 504
746 775
893 724
231 973
914 743
206 867
90 155
293 691
851 192
259 803
141 566
745 19
827 59
955 110
465 414
232 447
822 498
327 816
115 106
613 471
798 379
360 259
179 831
110 435
702 490
986 693
655 519
388 930
916 81
755 43
336 427
869 31
767 475
663 853
190 293
753 399
551 212
983 51
234 824
682 788
189 484
192 520
378 303
473 17
915 102
43 867
905 156
816 545
621 434
476 743
612 271
601 190
592 343
166 254
574 203
832 486
777 299
292 288
980 157
151 255
778 839
857 966
605 608
666 740
961 800
581 503
563 20
269 929
308 953
848 670
529 245
178 413
783 648
163 307
883 608
315 220
425 524
46 92
429 44
245 673
654 415
88 466
789 331
510 41
315 77
640 748
988 172
48 223
653 366
931 20
309 648
539 723
989 310
724 965
304 56
414 461
309 313
456 195
906 813
50 743
16 539
509 834
189 836
669 474
391 692
323 2
897 215
519 184
152 410
94 722
811 134
349 859
941 631
393 33
199 397
309 253
203 854
522 974
262 717
636 480
177 859
968 570
200 644
578 425
27 469
268 921
195 651
549 632
894 779
678 852
188 900
517 218
865 804
647 587
348 8
156 102
568 94
930 605
364 897
169 245
753 793
834 225
751 666
333 779
863 444
910 165
913 135
145 29
37 7
517 269
477 832
614 771
134 983
49 633
876 10
352 662
247 747
435 485
164 237
776 487
779 568
136 518
657 420
843 433
993 12
994 979
572 799
709 472
379 941
10 375
497 595
257 167
334 439
27 605
763 855
785 393
179 863
475 367
928 939
391 101
869 593
453 444
127 597
704 406
707 985
6 958
859 818
515 478
20 992
572 661
594 61
423 293
405 810
923 805
764 909
637 505
565 588
258 988
910 952
158 189
877 571
918 747
522 128
357 259
506 591
638 876
489 667
146 748
367 862
91 442
677 757
843 725
630 703
686 849
583 527
125 521
787 506
476 905
419 926
5 89
56 632
318 144
711 363
551 450
517 661
536 937
277 953
648 803
268 675
631 176
767 747
681 831
865 712
960 740
423 732
122 211
485 867
536 583
524 585
929 552
231 484
855 686
35 585
666 576
187 642
683 633
903 405
559 154
544 193
1000 899
457 392
378 981
574 509
153 903
117 126
136 595
620 107
749 649
843 460
591 925
960 160
391 282
50 152
657 384
179 964
365 785
685 306
40 182
452 939
589 726
550 548
992 224
261 843
31 81
987 423
568 771
846 366
414 506
110 549
970 522
310 59
96 413
902 351
577 868
11 122
917 988
828 531
158 240
353 629
172 207
724 620
358 742
704 656
615 458
859 60
627 8
845 65
8 546
432 578
314 556
592 800
739 595
460 48
155 546
262 762
854 352
986 88
532 236
924 699
207 894
856 580
48 513
468 650
195 690
501 193
240 281
923 645
868 235
359 992
51 275
605 968
721 511
647 915
1000 690
145 187
749 442
558 544
814 398
265 627
714 802
376 423
374 304
639 364
753 665
188 204
351 512
28 549
72 589
804 497
684 940
421 594
957 352
904 628
266 533
987 741
127 958
974 925
172 367
796 593
266 996
49 508
932 433
719 75
390 333
652 48
836 789
139 207
803 164
698 850
348 223
280 935
134 470
214 752
287 876
608 75
755 780
737 297
392 688
745 230
85 781
196 170
661 32
534 278
688 66
690 560
829 610
422 687
78 317
560 12
63 171
393 955
690 899
752 996
608 280
661 258
204 371
349 886
869 111
690 786
160 777
768 200
878 151
846 945
355 886
716 357
717 188
86 117
651 530
156 236
284 473
820 187
839 361
696 905
159 779
40 621
920 721
876 288
361 471
151 792
504 745
299 761
855 624
236 224
39 583
922 617
49 963
818 257
175 244
64 717
914 260
53 712
718 774
554 815
444 219
671 628
672 318
107 115
179 798
36 957
292 7
535 453
168 13
576 154
369 700
571 699
548 183
951 309
473 750
535 58
645 662
116 370
830 658
429 43
512 801
827 888
205 516
956 348
81 638
923 397
793 798
875 916
998 62
888 489
637 754
29 417
90 631
117 722
36 392
880 637
989 309
297 875
816 213
745 305
177 269
768 872
950 128
457 621
690 581
399 299
918 605
542 857
638 998
821 270
401 691
241 444
538 544
780 831
232 201
160 934
52 380
825 948
592 857
419 647
828 825
48 747
209 805
935 24
669 108
319 823
251 69
934 336
898 986
463 728
816 639
670 366
854 27
256 797
86 113
252 361
90 380
899 520
495 90
598 28
251 163
877 43
273 965
539 430
186 826
448 429
670 520
798 605
868 749
32 795
105 955
967 463
937 8
389 665
448 75
236 490
934 879
296 47
912 329
948 575
680 949
352 262
867 425
637 963
598 587
550 686
19 850
849 691
102 710
802 747
715 634
184 898
314 817
303 835
23 923
906 541
50 983
785 392
755 678
352 758
370 632
171 617
375 713
376 217
754 114
987 459
492 939
254 222
811 537
385 996
525 727
875 670
859 821
253 30
280 14
372 444
673 969
159 510
116 953
924 766
651 926
581 721
930 75
884 631
328 649
203 535
494 122
132 537
538 516
479 994
488 79
159 540
169 532
362 284
86 947
379 167
347 389
170 118
890 537
302 651
837 810
114 283
995 382
27 432
962 109
13 637
803 871
916 590
520 367
574 934
80 294
887 37
355 108
783 158
333 355
769 804
166 180
541 344
544 484
411 63
341 434
269 181
952 777
627 905
39 527
418 592
543 394
734 458
826 913
164 48
424 49
44 778
908 931
66 538
183 753
538 480
97 880
504 878
502 393
567 623
532 978
663 56
847 271
126 372
366 711
478 561
724 169
430 820
184 926
478 704
172 283
304 227
767 858
789 356
515 428
607 818
371 58
723 337
120 250
292 610
77 244
377 615
794 748
137 679
907 391
637 412
929 323
748 562
348 393
323 221
306 917
772 926
789 792
973 11
100 393
530 728
199 455
184 193
682 192
542 435
105 422
512 226
398 459
809 544
76 225
501 604
431 257
364 804
950 551
321 127
634 687
490 862
259 756
683 809
705 785
722 849
999 723
692 9
164 610
792 607
813 779
562 967
859 590
217 216
770 606
511 922
810 335
758 393
580 953
840 774
16 312
624 941
273 175
644 970
937 64
520 248
244 950
425 884
444 48
705 349
291 812
572 171
349 840
684 941
269 694
268 196
718 628
137 775
522 630
276 685
641 663
269 750
899 907
106 407
968 358
785 329
839 669
140 751
721 594
524 251
396 582
857 321
438 457
665 59
99 851
233 25
175 986
572 606
612 531
741 369
635 722
945 884
251 749
661 144
404 431
423 125
281 604
228 902
963 88
121 797
656 624
507 308
459 425
333 336
924 597
837 960
252 96
492 439
834 262
946 780
94 172
638 564
347 461
556 767
797 227
69 860
160 232
364 776
950 515
43 869
264 22
285 928
204 816
815 368
504 746
449 191
964 778
975 690
401 60
882 416
557 901
248 751
835 767
415 535
736 772
443 694
693 581
912 479
931 589
922 776
279 149
410 36
734 45
365 694
922 955
636 521
965 999
814 46
326 803
650 769
153 239
740 789
895 459
245 807
348 926
342 644
297 584
233 330
250 616
73 401
571 382
97 267
444 536
1 318
630 348
379 737
31 40
549 427
642 223
438 58
811 572
966 777
595 229
228 986
113 296
381 36
129 161
509 832
203 669
664 857
827 295
385 328
448 151
279 940
488 197
696 618
699 865
96 410
258 873
997 76
485 312
89 747
422 347
224 574
25 515
380 177
256 505
995 500
445 779
856 910
674 771
56 86
459 179
369 683
545 22
319 647
178 537
490 775
604 759
811 311
959 887
636 192
393 402
32 62
308 163
543 731
770 663
950 777
865 531
919 314
112 382
83 714
361 812
624 870
274 697
757 98
923 44
653 891
31 571
927 381
145 428
681 114
403 788
188 6
575 618
801 825
311 86
895 137
575 89
404 606
10 757
282 126
139 475
749 564
533 519
880 813
79 77
505 728
490 12
945 371
851 13
616 902
581 156
709 87
438 151
663 362
386 498
457 359
638 214
654 667
90 584
770 364
516 664
646 731
439 891
998 206
606 866
270 767
715 808
954 96
761 9
228 845
453 732
295 697
636 62
156 599
962 422
769 462
648 745
671 483
299 392
138 196
105 457
68 731
825 217
642 662
574 837
195 647
631 364
152 662
744 16
221 840
293 331
114 280
886 602
479 16
137 215
303 294
62 569
623 361
369 174
406 533
248 841
501 409
288 88
70 646
553 744
751 533
466 223
83 633
139 827
982 287
964 834
865 575
209 871
505 184
870 134
89 313
661 991
445 324
399 561
356 865
786 256
201 800
737 726
754 224
743 280
782 748
567 622
44 553
689 932
72 930
629 66
850 369
248 227
374 615
33 969
106 129
412 832
27 571
487 459
417 475
418 884
491 598
129 463
737 146
738 589
611 681
776 674
399 458
573 637
379 518
57 270
185 833
572 699
668 826
959 277
462 279
45 341
926 486
56 978
772 776
936 662
115 433
742 894
998 468
967 671
458 893
973 10
413 499
701 371
57 89
298 917
806 770
967 957
997 914
855 776
108 659
455 126
226 834
8 401
550 39
579 858
123 54
105 711
624 625
786 160
659 82
825 318
610 572
645 107
652 825
658 486
142 239
271 393
700 557
460 502
271 711
959 540
302 331
568 391
770 607
610 798
908 268
187 563
460 581
144 782
37 221
59 339
252 990
739 433
634 251
355 502
546 352
273 199
60 1
377 131
359 55
135 276
283 439
779 578
139 483
16 118
510 48
535 129
59 200
282 473
429 86
840 451
993 267
111 660
40 267
520 565
533 785
36 351
864 72
831 540
278 756
29 562
932 657
789 232
723 364
525 542
189 715
760 715
665 427
890 922
417 951
370 242
6 44
320 803
392 400
569 304
879 85
778 5
708 813
266 280
656 896
597 68
470 40
808 935
470 220
418 463
661 369
935 118
447 964
299 464
526 325
547 630
329 166
877 948
237 21
700 979
592 44
866 455
597 341
200 501
88 891
447 217
930 564
511 859
38 981
540 955
890 304
518 614
83 561
504 602
105 989
288 363
911 701
456 989
719 673
703 267
187 607
776 144
960 349
731 441
71 321
979 344
762 72
804 341
622 564
481 88
743 288
943 866
533 738
736 466
183 937
671 676
421 628
443 4
814 245
603 866
535 649
805 990
684 545
807 99
470 686
508 597
77 456
581 72
894 1
882 125
546 416
90 996
63 499
354 913
261 419
281 285
983 202
729 927
253 489
608 216
774 227
542 863
485 214
436 814
773 425
521 576
538 558
609 595
95 696
497 153
118 492
855 210
358 910
731 416
816 616
494 190
685 623
752 736
864 766
829 612
2 956
787 80
221 916
611 308
683 227
42 249
80 316
557 710
174 538
624 697
268 936
313 586
397 474
56 292
95 141
472 468
491 400
293 234
41 65
313 804
705 250
725 247
853 418
115 717
102 14
176 583
653 971
528 177
692 919
785 211
358 484
867 427
631 642
943 774
713 251
808 27
862 338
790 159
386 209
315 253
84 822
54 666
111 607
595 418
278 850
257 77
90 678
931 932
166 129
789 334
991 808
861 664
372 152
728 624
110 524
861 300
483 698
176 18
915 521
1 89
292 584
901 550
491 293
749 847
12 639
175 925
641 105
312 417
523 77
63 156
390 196
581 735
968 236
197 710
953 152
684 216
225 773
546 25
470 225
683 400
975 920
319 964
674 181
323 257
345 377
912 300
890 551
617 293
234 895
751 822
202 134
60 587
557 665
263 786
622 961
146 28
792 470
77 628
283 221
496 40
350 151
170 313
504 547
252 621
435 183
737 523
661 877
8 163
191 722
515 820
300 291
527 445
635 261
619 888
729 200
307 286
168 56
839 772
940 228
93 226
150 107
743 360
840 601
953 798
845 728
663 427
4 257
387 756
390 725
836 941
212 37
777 923
645 893
669 413
63 764
837 5
470 726
590 711
132 955
629 867
979 844
324 127
143 945
183 292
902 338
633 465
284 925
186 491
229 161
523 24
45 340
430 758
181 180
823 869
858 328
180 380
189 762
501 824
137 391
377 778
625 498
157 92
694 877
109 323
332 230
559 36
412 142
588 311
365 106
113 913
190 111
462 976
156 537
494 481
151 896
198 878
51 276
735 667
19 242
611 332
798 919
736 571
506 34
624 705
161 581
437 506
759 205
961 62
504 575
562 446
92 990
203 351
792 720
460 582
409 492
344 215
456 561
257 544
240 984
113 430
480 851
315 52
602 911
321 697
88 220
92 764
178 501
128 674
678 430
628 589
820 829
573 220
982 772
165 651
571 487
419 114
37 399
22 61
922 71
154 237
853 595
676 42
344 531
953 683
606 815
719 84
760 155
962 811
546 554
283 944
475 168
793 67
331 908
82 10
138 264
429 375
894 117
272 574
19 61
681 416
368 745
564 809
300 835
103 497
594 933
662 478
701 671
174 220
603 370
682 623
718 894
135 331
928 547
161 377
785 914
168 496
43 40
142 652
470 41
801 243
388 244
996 97
817 658
74 977
346 922
935 198
132 241
156 223
152 719
726 201
926 746
952 118
846 598
8 398
570 540
807 793
757 670
497 312
463 999
375 137
855 525
98 156
151 138
616 321
464 990
563 378
397 151
698 308
539 146
362 903
46 134
322 758
161 828
715 373
823 29
263 938
32 591
904 174
720 738
281 139
671 663
672 543
782 596
534 245
421 964
465 732
562 194
362 108
932 464
236 581
220 66
427 664
466 190
287 956
783 987
785 747
440 605
921 18
550 223
724 961
600 591
532 446
837 366
676 812
788 358
1 124
383 916
426 483
764 613
802 134
357 198
907 449
176 341
678 5
584 150
966 812
24 169
6 9
372 371
543 306
416 275
328 767
854 971
629 671
302 771
428 586
379 156
492 405
440 8
773 330
685 622
467 817
764 41
255 950
240 469
164 270
61 729
392 122
79 743
911 77
56 455
184 252
756 820
795 940
557 709
852 555
448 305
711 272
507 798
409 693
167 418
961 117
31 339
948 373
1 976
381 938
937 252
669 685
674 709
827 733
184 585
717 737
22 953
443 724
115 502
139 767
912 317
848 751
443 837
905 632
67 849
88 148
514 432
418 541
364 321
296 929
978 709
639 182
931 841
861 152
473 719
681 274
150 63
649 716
108 789
344 604
63 731
279 526
163 49
970 643
681 716
793 906
859 42
864 113
148 298
955 170
915 520
533 185
555 529
992 405
517 608
578 850
475 805
564 737
267 829
750 716
380 36
811 824
439 539
542 184
945 690
450 368
12 719
87 5
57 466
261 162
671 493
450 227
507 510
143 132
521 460
552 242
371 671
726 532
512 25
911 131
642 660
720 156
422 468
775 464
678 741
695 665
937 429
139 407
781 740
194 414
217 39
109 17
401 216
844 68
682 123
131 499
354 216
445 15
428 995
913 325
532 409
661 763
642 290
30 970
967 31
127 322
148 965
312 683
888 906
286 748
340 249
382 916
811 51
420 196
729 207
966 236
71 264
813 599
634 84
597 832
70 64
435 453
540 416
979 128
824 318
395 851
559 373
746 812
144 480
149 913
206 162
524 67
484 886
414 367
162 284
149 2
80 907
287 884
825 565
438 480
332 547
636 30
171 743
357 240
486 476
750 633
556 605
241 543
628 93
422 564
724 616
890 587
159 479
864 891
441 30
573 861
885 731
872 278
375 893
234 559
433 826
56 835
437 74
591 617
519 252
950 280
828 322
170 198
171 163
158 447
735 419
920 842
964 627
678 769
511 720
178 218
548 961
39 718
646 434
853 150
48 867
689 167
896 482
255 684
649 255
264 347
14 427
330 964
973 686
407 72
891 813
378 968
162 781
306 625
700 269
62 614
669 518
657 70
343 831
126 437
893 890
221 415
366 961
373 196
249 974
140 171
487 124
625 603
849 879
583 486
804 17
221 161
918 9
799 286
490 66
419 194
439 874
278 795
604 277
6 881
558 450
250 821
956 763
456 172
793 243
171 707
452 596
979 728
817 213
229 760
147 426
884 219
613 291
335 749
543 456
572 747
694 44
806 682
953 358
972 646
459 477
815 840
474 900
125 890
586 764
339 740
534 628
973 44
264 684
983 505
284 311
87 162
308 189
219 362
147 249
80 52
78 547
975 851
561 571
360 196
786 992
534 41
346 923
646 380
584 755
695 705
592 46
636 191
532 482
149 515
963 550
472 75
627 981
166 243
44 943
117 367
78 927
213 188
195 833
36 731
40 798
916 871
689 644
886 221
602 652
74 485
183 645
865 470
166 477
903 652
692 957
966 52
771 38
296 966
836 704
774 778
331 764
886 366
626 943
908 68
644 606
573 336
101 639
324 146
862 662
405 63
63 567
279 602
840 368
20 858
771 994
756 44
926 258
915 751
328 947
935 720
37 789
137 659
449 897
623 925
586 574
729 308
521 757
479 613
337 84
814 550
584 83
413 151
567 314
186 275
155 960
411 634
894 707
329 981
685 216
589 175
497 159
519 196
354 608
835 243
730 967
342 1
290 676
517 803
333 706
393 996
229 945
731 467
750 109
200 649
954 638
518 407
373 550
815 563
48 973
450 977
53 372
401 243
646 491
26 736
781 592
873 759
360 990
325 596
363 417
73 844
554 90
4 63
151 824
407 146
339 712
32 160
164 421
293 7
959 598
283 17
252 954
771 356
95 284
148 701
191 777
982 524
89 339
316 462
121 98
641 897
553 77
775 570
188 240
46 18
377 917
667 834
875 999
343 709
325 458
439 86
743 36
951 59
374 538
410 507
382 236
253 169
608 920
898 340
730 124
738 535
718 586
462 399
690 658
160 649
768 840
922 87
402 605
348 417
559 773
564 657
679 927
362 517
793 453
477 259
525 774
161 115
109 349
769 380
608 452
260 353
996 171
285 210
825 69
925 389
6 276
670 319
350 894
977 915
463 696
873 578
213 417
144 744
338 818
53 378
237 364
661 762
464 520
28 137
47 159
765 950
456 904
53 618
27 534
331 376
269 594
192 898
418 908
377 394
225 347
566 824
843 229
313 838
467 249
602 580
966 237
844 521
576 855
723 936
871 196
277 71
122 289
452 754
163 353
685 412
939 948
407 338
102 374
287 919
854 835
672 600
858 867
505 761
287 81
555 961
779 313
429 384
894 204
14 810
499 68
194 746
76 714
777 697
478 998
229 420
584 141
38 650
860 13
781 471
48 506
711 881
927 820
305 493
99 537
190 416
745 47
379 377
824 474
497 214
759 538
946 917
752 844
38 967
422 358
704 947
320 760
928 487
174 700
215 821
130 889
223 350
656 837
622 112
648 885
795 998
338 903
565 144
269 499
640 713
646 435
149 238
833 216
200 192
283 187
969 904
566 762
736 909
753 33
809 855
302 500
2 586
485 898
489 376
596 472
691 452
936 509
57 756
577 509
155 131
411 317
586 357
714 190
663 235
648 256
724 491
400 162
800 265
47 262
213 618
987 843
350 447
830 763
789 418
911 559
889 142
315 587
991 989
483 790
889 895
282 343
432 72
819 612
362 921
590 801
663 687
352 159
429 809
210 213
525 650
628 3
348 674
371 26
29 672
158 988
234 366
418 121
275 736
663 909
48 486
881 618
552 534
224 679
100 474
724 764
307 558
716 700
163 516
241 356
385 140
295 3
171 113
1000 215
237 240
332 4
946 776
503 45
989 946
423 812
891 140
303 362
22 710
958 50
651 614
707 407
772 434
973 623
869 558
307 13
455 381
152 798
688 880
430 325
412 336
506 183
300 721
283 421
265 914
676 436
52 622
753 815
874 525
784 797
84 942
514 349
733 327
753 521
644 712
453 160
689 882
338 96
964 268
528 48
361 257
241 875
258 289
991 817
335 829
713 197
606 664
419 334
24 286
153 446
483 643
927 238
286 226
309 259
93 748
742 219
413 229
784 391
162 39
542 459
552 12
279 936
375 951
391 690
765 11
586 654
842 788
424 849
152 480
441 618
483 462
674 61
397 898
271 921
256 334
958 893
307 941
200 571
238 215
175 567
33 141
731 466
397 707
55 788
690 422
759 480
281 975
105 755
108 726
329 647
613 875
913 351
860 788
298 285
355 196
892 421
843 107
977 981
496 414
153 659
740 753
192 935
523 861
191 699
390 290
895 855
92 896
616 462
763 289
108 154
199 749
936 437
130 276
758 100
317 866
176 634
1000 828
953 918
476 261
757 180
244 793
835 906
585 867
303 672
697 877
330 334
45 937
391 189
728 853
324 15
965 104
897 728
538 218
525 496
943 609
896 528
954 266
202 535
187 169
615 105
194 647
211 287
275 570
846 391
671 56
197 929
435 917
633 427
628 58
529 672
944 436
396 921
589 368
711 65
495 445
595 995
523 78
533 163
17 817
548 491
72 292
223 583
152 508
336 105
337 960
321 475
547 725
752 801
222 394
906 323
203 923
388 831
389 2
830 471
341 349
337 58
416 31
769 541
754 117
973 653
597 409
924 191
368 407
131 501
773 78
367 683
530 181
644 189
169 219
575 327
759 234
525 602
191 590
140 460
178 795
821 963
770 631
347 836
919 346
209 859
321 801
51 72
14 380
680 888
832 339
249 71
321 722
921 483
294 559
705 372
50 3
115 603
496 759
562 422
655 273
394 146
383 362
45 909
33 973
123 825
822 719
367 180
184 931
28 339
448 616
975 565
650 551
387 919
873 310
121 441
759 419
710 675
174 112
242 735
63 991
444 691
506 792
181 256
383 942
901 519
264 596
673 1000
414 158
290 408
399 366
366 247
277 636
613 158
841 843
918 762
335 696
346 113
492 569
534 622
77 977
668 724
962 313
122 714
484 58
686 772
492 512
936 324
622 346
181 964
347 484
76 30
60 763
77 819
635 777
636 38
507 395
674 839
939 297
99 468
502 947
971 568
450 790
217 1
331 57
167 407
544 406
446 730
195 982
658 482
630 799
769 795
274 475
208 603
725 74
106 666
914 139
590 263
566 358
571 685
725 172
876 72
382 769
790 376
662 991
207 222
430 123
503 835
748 346
535 44
528 326
893 636
658 569
555 956
476 124
461 752
945 163
362 224
701 742
150 340
922 245
962 806
853 923
145 948
101 938
380 358
957 973
7 458
449 778
672 835
250 819
252 503
119 143
128 225
491 711
684 494
6 774
561 125
854 986
31 337
474 286
755 899
926 454
989 918
345 619
508 241
707 374
402 674
870 291
200 687
716 701
483 290
247 261
19 991
697 216
823 616
437 477
355 892
621 649
954 600
756 940
743 954
126 904
52 14
991 184
646 269
99 496
513 600
668 252
562 603
981 99
798 619
290 834
442 813
867 68
886 160
729 107
142 382
787 903
647 577
131 235
683 566
431 399
355 393
986 749
71 317
147 606
581 496
724 138
515 926
965 152
649 580
210 882
283 706
515 47
666 385
995 599
407 701
550 994
448 545
966 359
122 156
28 852
90 625
71 992
684 323
723 623
524 148
552 725
951 247
794 702
776 925
987 131
618 493
160 589
103 615
34 106
39 255
665 308
205 211
8 529
119 397
856 885
945 740
734 320
587 967
661 288
789 859
521 469
324 630
773 183
226 548
776 32
583 544
547 534
950 625
535 861
954 636
313 364
224 237
872 157
599 346
132 735
986 628
99 492
736 967
807 830
574 31
647 977
227 432
134 684
477 895
274 291
777 328
302 301
341 265
89 288
867 241
631 888
419 602
76 263
32 896
538 406
120 697
338 400
819 483
583 138
40 26
597 794
780 462
697 876
793 877
405 383
443 36
675 369
303 528
641 673
913 708
456 441
440 798
679 917
168 269
45 57
671 773
853 994
620 947
400 672
93 813
903 182
600 447
712 857
231 249
641 323
570 347
723 443
814 870
708 429
871 851
674 269
72 71
745 14
21 402
560 236
375 997
875 549
751 382
202 857
258 983
268 397
25 960
816 981
817 364
767 467
971 691
319 115
964 356
103 792
507 499
289 36
218 66
171 184
526 578
428 553
930 165
489 557
734 993
769 739
481 909
958 233
775 461
815 608
673 15
968 404
697 385
285 9
864 670
756 996
445 155
726 244
43 486
232 988
756 779
298 367
696 54
291 762
143 325
271 432
331 237
773 990
479 317
88 934
878 653
847 582
114 582
614 855
575 727
608 682
305 667
730 396
680 889
862 129
97 793
778 410
13 59
895 219
883 771
386 111
597 845
261 997
784 870
359 14
417 771
382 885
515 49
679 859
614 512
619 154
875 52
468 390
111 526
97 84
957 710
230 392
715 540
149 926
225 264
153 91
837 1
922 257
7 481
656 722
326 665
220 436
93 674
591 167
462 164
831 628
906 797
771 627
965 510
487 622
192 344
869 146
964 186
931 307
219 101
241 493
955 425
224 669
647 439
889 669
157 167
820 537
508 93
57 499
398 255
604 999
43 81
6 359
744 226
816 735
938 206
752 556
275 243
891 83
35 959
345 14
521 88
557 778
706 68
514 819
307 51
522 819
437 956
185 591
740 315
9 669
411 17
69 533
863 191
170 680
811 281
912 489
141 25
458 111
23 21
960 485
688 948
283 328
302 212
132 943
130 477
645 554
169 353
444 189
961 973
302 71
499 539
833 196
999 226
641 632
179 553
608 757
456 354
737 983
386 149
813 346
172 358
893 748
106 238
362 116
325 384
552 476
650 585
121 491
158 800
987 408
269 633
275 516
849 415
116 170
962 854
428 30
968 507
436 561
241 687
870 454
730 605
864 171
632 183
741 379
688 121
546 379
826 219
449 708
855 84
327 735
785 685
422 305
594 286
523 230
337 783
636 357
121 912
927 584
454 742
574 695
756 574
4 800
591 876
134 423
484 808
469 92
630 617
353 611
436 759
969 985
973 621
925 714
456 883
806 87
4 213
23 347
207 494
890 172
943 410
397 2
145 41
1 849
209 930
179 246
711 667
921 553
135 547
616 611
88 188
495 513
978 733
120 781
212 229
876 316
712 96
685 482
957 669
653 132
712 576
916 823
130 195
999 407
214 821
140 936
406 582
515 204
864 506
591 121
229 280
287 447
874 207
750 986
135 116
850 786
920 346
387 895
64 912
768 798
362 669
256 34
225 643
856 21
432 803
345 582
54 366
937 778
972 740
579 477
441 964
617 163
432 513
454 466
988 526
39 476
830 313
940 425
579 251
851 894
29 198
124 196
731 468
518 125
76 39
646 351
351 495
688 417
651 567
660 719
352 866
942 945
230 839
928 15
655 84
425 11
298 283
263 530
673 317
658 43
736 951
286 555
773 778
705 76
246 108
468 30
804 656
821 542
515 735
862 170
454 727
672 482
800 279
471 751
70 969
573 62
761 198
409 345
407 994
255 212
516 322
610 37
687 155
526 287
396 448
236 647
734 130
576 108
408 398
838 236
54 671
990 443
442 245
616 908
201 330
642 636
97 297
387 957
229 316
869 307
971 967
920 263
719 953
150 396
872 512
970 609
498 414
916 319
128 575
343 10
203 703
944 155
466 595
886 613
366 72
674 860
150 857
726 440
724 234
893 329
218 67
401 545
257 671
845 38
126 227
955 618
777 862
545 490
673 157
748 695
904 292
748 91
806 781
405 758
501 577
467 925
212 532
678 793
330 635
772 342
518 374
995 359
543 961
255 551
271 258
610 530
826 727
810 48
422 170
322 374
621 114
497 708
131 260
259 347
614 965
597 249
389 964
448 384
397 505
383 208
499 402
972 371
220 54
630 371
541 450
139 654
1000 636
520 276
648 408
481 441
49 669
231 365
876 102
952 622
397 123
934 898
993 326
60 123
978 530
279 219
743 278
357 727
433 143
35 431
606 26
143 824
704 14
705 507
340 330
953 801
606 933
537 674
990 260
408 490
210 970
960 346
412 862
841 116
936 832
330 499
956 259
248 88
241 817
992 87
455 436
371 146
137 974
516 650
451 234
252 534
441 320
258 662
423 368
206 64
376 822
37 810
225 602
299 191
948 366
670 617
444 915
786 726
982 335
773 492
8 554
906 207
659 269
953 40
403 75
61 571
707 505
489 520
609 783
21 617
482 323
815 519
797 24
937 222
730 45
500 671
643 686
769 639
347 535
954 565
133 240
579 832
797 137
321 112
812 112
322 299
18 48
518 749
367 713
298 320
226 698
545 833
100 564
385 364
196 794
394 974
969 542
682 381
667 451
444 88
320 214
106 555
913 101
183 701
455 696
847 714
370 191
870 601
770 998
959 760
28 398
122 465
641 861
658 789
718 861
260 585
47 259
128 679
684 932
268 113
904 636
539 977
784 978
145 648
94 869
544 877
797 884
728 783
747 221
344 536
897 774
724 715
23 984
546 551
432 75
867 305
966 648
550 971
534 460
607 654
991 879
335 495
531 601
340 947
953 392
457 633
242 705
470 559
81 837
135 416
873 417
565 539
267 232
340 802
548 335
242 848
982 578
595 812
9 433
792 40
974 464
328 712
24 193
225 832
851 756
502 532
846 953
761 915
313 985
893 482
237 126
38 881
41 101
407 420
464 294
419 689
472 817
513 557
200 736
520 351
243 642
407 277
389 890
122 817
13 958
679 329
772 445
612 188
562 601
135 931
29 436
671 998
47 589
922 625
579 602
1000 549
692 155
195 837
269 246
715 10
984 327
187 597
369 586
818 785
337 835
623 754
865 490
277 588
204 668
406 416
11 528
305 819
821 731
36 933
202 397
938 537
957 299
46 250
374 647
585 836
88 300
107 504
994 586
292 158
754 801
3 197
297 544
886 354
448 948
340 642
899 287
349 460
97 403
25 430
923 389
175 560
129 408
737 99
242 515
850 194
667 920
559 670
484 888
567 227
471 206
715 948
517 851
818 439
747 487
31 422
768 864
665 992
273 423
135 388
928 870
498 338
431 382
851 434
301 557
162 149
664 207
722 317
315 625
176 473
485 289
453 771
848 491
855 813
962 383
488 490
398 283
797 222
593 441
613 950
108 578
346 891
476 958
77 761
13 224
503 163
252 353
273 812
240 345
388 11
317 443
28 50
805 326
678 988
429 562
411 43
335 803
550 26
492 86
648 818
170 734
8 141
118 56
623 379
302 307
56 499
862 171
402 509
576 976
994 99
316 91
744 518
247 589
819 116
503 743
508 947
531 424
148 780
40 141
667 56
946 81
782 795
969 304
478 852
266 578
598 579
355 129
953 772
876 610
564 929
80 924
338 176
690 477
527 754
287 121
435 650
224 183
679 367
315 96
888 414
376 114
713 21
841 40
846 446
275 974
918 164
520 755
326 942
724 883
799 99
267 82
620 514
237 625
186 465
745 166
263 692
452 380
570 641
371 836
523 67
397 850
987 30
932 949
313 67
665 278
974 57
209 242
603 46
324 709
4 731
815 765
601 513
29 56
322 34
506 711
56 138
81 329
228 392
247 124
229 977
394 614
693 66
476 898
627 706
20 412
156 44
976 968
759 118
680 700
389 946
691 718
811 876
80 429
647 823
155 413
585 704
697 722
52 728
428 351
36 741
552 351
602 721
480 700
437 888
576 828
62 591
528 703
535 404
848 704
614 695
724 467
533 76
235 6
610 454
761 82
908 185
175 394
362 143
220 225
476 155
813 372
944 749
763 858
214 771
632 265
162 678
936 833
776 746
561 372
266 856
233 267
529 982
371 149
633 362
337 357
709 197
267 126
334 524
324 101
340 120
738 567
32 877
324 500
509 912
293 835
93 721
393 821
266 13
929 347
931 309
699 817
516 921
901 661
828 923
6 59
101 119
530 833
17 786
726 429
938 426
426 198
997 141
502 613
871 676
323 338
334 602
398 573
384 766
152 330
869 451
816 721
618 709
178 758
388 944
949 91
808 833
772 676
366 327
369 97
479 236
13 520
252 314
19 139
83 828
414 744
791 622
647 906
49 317
999 715
839 418
626 301
19 361
772 105
632 934
675 894
213 163
985 186
605 737
515 649
95 195
170 662
615 520
339 885
377 426
909 385
639 390
508 900
400 159
628 949
361 710
772 143
245 99
84 39
771 49
511 224
168 26
460 802
194 222
776 424
923 267
908 93
917 729
356 180
563 849
233 342
534 82
562 171
304 135
894 236
344 648
788 729
291 387
989 296
618 210
13 752
811 601
543 38
175 994
971 799
699 236
613 302
464 219
463 563
733 965
114 151
560 924
63 210
343 162
642 567
592 886
688 345
816 878
329 909
110 10
521 271
977 92
787 67
982 57
198 616
973 410
385 849
706 55
324 252
263 848
34 632
553 664
186 815
833 184
721 443
874 964
998 902
748 813
715 965
291 692
471 770
679 473
833 41
140 407
782 994
195 836
382 582
221 732
525 369
781 154
363 119
611 221
240 708
905 582
283 342
876 175
749 695
201 993
199 666
169 323
139 439
302 97
74 192
827 770
365 831
629 402
41 921
836 604
549 369
571 281
632 718
574 104
177 90
244 86
724 856
512 600
822 293
880 630
560 884
768 865
271 598
326 650
275 659
6 410
427 956
436 646
440 321
336 498
779 176
865 513
906 53
750 276
143 174
309 82
536 10
587 585
825 44
393 998
293 718
848 123
96 752
557 541
445 771
483 208
159 833
402 54
920 647
227 215
834 981
651 553
817 769
769 934
95 980
65 129
468 826
36 518
277 796
133 344
876 623
873 651
86 360
624 783
623 563
972 600
386 868
562 717
669 679
999 608
86 475
839 251
863 241
891 815
122 423
164 128
580 899
596 131
266 752
517 356
988 501
166 589
995 743
524 887
407 877
583 276
476 176
666 480
888 304
652 147
306 467
845 702
221 228
573 399
426 796
119 953
300 245
269 558
257 46
505 962
396 695
552 293
92 230
920 114
439 883
667 532
465 476
301 878
621 889
747 450
231 749
72 74
988 936
315 702
534 583
394 35
488 154
859 957
94 922
789 922
771 739
812 13
465 254
428 262
159 630
785 963
147 342
241 343
973 30
426 227
580 895
561 868
835 69
683 393
332 249
483 383
122 549
543 685
381 516
679 93
406 963
844 587
892 112
59 7
420 763
921 418
673 509
801 160
568 149
965 782
336 24
518 263
601 851
985 44
108 325
921 852
259 349
467 414
216 158
235 842
326 423
112 31
807 684
44 876
78 984
554 599
505 64
187 668
155 186
502 279
602 232
288 537
472 294
933 487
852 9
121 1
330 336
766 627
469 711
330 287
314 760
776 397
282 90
996 945
379 978
452 782
789 393
516 439
461 712
231 930
912 76
144 486
520 513
558 57
373 445
874 276
966 674
783 1000
888 319
168 635
520 656
263 116
401 967
456 182
345 478
314 60
98 855
318 540
210 381
873 459
772 865
918 931
463 764
729 984
91 51
760 834
210 415
121 776
276 854
133 843
467 913
786 615
290 374
683 501
522 61
280 363
643 771
807 12
106 202
797 22
748 548
38 218
189 326
123 462
60 469
80 507
663 924
356 600
527 83
291 667
757 564
601 772
482 18
191 622
30 808
149 932
455 293
551 575
635 329
654 253
311 490
169 469
577 496
504 804
726 723
692 935
326 173
933 411
24 843
539 60
98 324
705 340
309 886
625 605
884 766
477 160
80 982
580 727
373 383
874 308
468 421
162 600
475 387
476 120
814 80
323 727
606 790
846 289
999 509
175 655
914 877
521 993
230 149
33 719
76 747
595 833
430 682
197 613
932 744
845 825
901 615
579 341
141 926
371 831
465 198
161 77
414 777
989 747
773 462
725 581
851 758
385 694
746 43
185 289
597 492
360 857
78 711
192 690
506 478
766 845
806 251
541 358
75 220
352 935
912 441
910 212
473 937
486 436
325 813
382 982
684 868
421 282
169 305
10 887
546 901
800 381
268 387
72 516
308 908
681 430
331 613
424 129
102 416
891 557
140 69
473 756
516 504
6 666
540 486
905 807
379 922
163 397
404 929
944 694
616 915
342 306
63 138
605 57
328 219
220 89
811 678
629 179
442 79
387 578
57 752
327 888
562 125
366 998
883 312
918 777
546 440
50 523
202 990
44 45
210 325
585 279
548 365
474 510
663 940
210 468
16 677
916 120
520 853
3 929
337 991
394 366
413 2
677 885
623 9
397 435
265 27
927 553
753 416
536 186
294 158
556 837
543 601
903 553
436 251
169 960
748 427
427 392
553 618
997 955
938 20
530 330
56 445
19 307
352 980
683 872
499 871
575 302
892 418
565 324
87 640
899 784
294 858
297 70
361 795
142 350
715 40
878 612
420 132
648 511
863 591
407 910
654 181
782 878
895 803
161 864
255 64
865 500
719 465
891 600
767 485
849 792
129 639
766 679
650 810
727 712
709 461
12 51
695 631
953 891
129 329
607 546
232 708
894 218
92 112
202 528
335 796
353 757
779 497
648 682
698 131
609 292
457 567
405 831
855 315
570 994
159 480
774 199
798 201
864 965
460 7
490 812
869 662
554 670
622 239
180 390
118 540
950 121
155 704
483 207
51 403
507 213
420 740
891 75
854 61
655 4
753 174
660 750
610 529
263 923
32 83
964 804
36 571
717 604
369 822
819 180
838 752
646 122
705 45
71 837
697 577
99 23
458 119
844 113
944 818
304 593
305 744
815 437
662 684
844 519
59 473
611 788
829 181
761 231
227 543
361 529
213 592
650 544
571 610
850 471
207 118
690 108
89 595
274 967
480 80
561 281
101 544
503 920
269 704
681 640
809 475
150 333
175 859
457 959
49 94
837 13
182 210
55 64
367 338
115 237
315 511
444 729
928 962
909 513
90 565
879 759
326 669
242 728
832 562
486 471
988 909
717 329
138 450
703 650
615 366
922 534
360 418
413 168
713 482
458 787
602 341
81 120
321 418
599 986
410 874
674 15
613 234
939 751
980 959
584 480
33 110
198 864
453 985
539 804
111 931
280 385
603 189
234 712
668 503
541 127
635 780
730 40
714 661
587 737
234 16
641 373
833 289
389 771
906 447
202 790
15 249
648 202
665 812
913 833
878 580
271 400
554 28
922 651
773 696
852 840
464 889
728 214
334 998
531 373
113 571
576 794
574 309
478 366
210 760
373 92
908 889
953 229
253 694
719 393
762 172
856 169
53 923
921 371
720 951
291 167
176 869
839 518
2 929
685 156
282 139
250 717
223 966
115 201
906 682
300 77
653 463
586 946
182 41
332 638
495 18
354 898
830 82
507 668
542 872
357 110
105 221
622 474
343 207
860 347
453 667
955 457
404 433
600 776
967 634
694 982
783 608
60 950
655 809
388 905
234 669
685 653
824 218
147 111
994 534
21 906
924 845
483 7
356 287
433 814
126 909
346 789
627 700
773 112
722 664
136 75
959 837
344 494
342 841
293 411
900 117
811 338
9 812
970 111
621 55
400 479
309 137
956 700
353 465
887 404
134 852
87 876
165 34
313 791
143 204
979 498
206 405
692 789
353 103
400 253
623 767
684 869
424 243
101 821
407 986
670 836
710 145
491 205
457 77
765 806
248 326
999 173
156 585
509 567
292 153
131 797
334 308
179 521
2 18
866 725
167 145
923 390
447 588
304 214
90 715
35 70
55 27
334 470
616 869
880 616
384 205
918 782
82 486
229 405
836 131
33 746
529 557
324 447
966 634
201 396
774 329
79 439
616 842
110 347
681 779
132 665
613 320
480 580
669 430
337 77
916 656
327 558
938 465
132 552
812 442
986 453
803 649
273 630
256 324
419 688
886 682
996 190
265 26
622 208
644 456
532 56
271 20
703 176
829 522
976 66
975 828
47 573
263 656
748 734
30 677
821 166
343 656
772 382
384 599
459 173
406 916
43 810
265 500
837 20
955 913
473 234
97 534
554 212
256 831
243 897
688 786
304 807
87 880
880 490
18 793
862 174
539 540
478 151
904 842
616 564
733 190
230 34
253 653
786 274
92 525
348 679
130 494
349 154
598 471
231 218
330 249
974 518
645 622
752 536
846 749
429 243
214 907
231 43
303 686
940 513
192 377
836 946
658 386
857 633
254 491
585 71
289 514
223 905
261 748
765 995
997 722
266 818
949 543
443 26
755 800
98 945
686 310
868 589
690 653
766 96
260 186
788 258
412 304
992 429
388 624
971 729
517 733
555 422
811 816
145 139
33 464
622 402
570 41
59 548
240 23
63 20
513 128
930 177
779 11
697 170
617 131
986 72
461 71
882 41
699 613
388 313
549 747
790 638
710 545
912 966
712 504
223 330
990 515
55 886
539 633
223 240
705 657
521 496
708 524
788 299
52 1000
308 402
424 655
61 870
479 427
670 448
303 153
964 805
952 165
786 404
667 330
598 166
729 53
801 384
808 420
882 749
204 961
813 941
709 620
729 166
503 599
325 851
863 215
667 104
264 389
856 95
677 31
522 611
79 789
886 399
300 550
743 274
339 952
73 228
145 279
933 374
93 249
405 301
870 915
488 685
128 590
644 654
865 451
887 896
46 416
413 611
318 800
10 497
232 545
787 733
736 241
767 904
59 900
426 641
98 994
125 411
719 921
243 80
570 53
505 845
720 564
480 669
276 651
262 922
750 752
452 339
399 372
315 470
242 955
168 810
546 195
546 241
307 717
548 565
717 426
898 708
906 203
831 808
46 830
533 296
627 389
275 24
354 547
894 621
200 633
240 390
354 402
303 351
70 574
363 576
40 637
946 897
854 286
579 836
142 74
368 425
811 361
647 903
285 578
714 628
491 309
402 286
494 712
298 479
248 734
635 474
736 883
238 717
810 306
832 262
406 297
482 131
688 430
1 641
572 344
156 261
294 754
979 326
28 394
502 369
784 808
639 272
88 627
814 372
762 173
433 175
783 699
221 8
850 440
72 968
510 62
572 45
511 451
25 470
546 688
803 195
549 299
970 880
793 985
721 225
709 21
250 714
935 599
238 162
396 416
733 800
699 112
367 486
522 411
612 427
558 309
817 205
256 91
530 393
668 784
116 853
651 66
624 480
48 413
671 143
910 973
806 674
189 653
609 732
42 695
258 920
522 253
688 205
143 430
971 281
162 252
922 47
595 526
246 558
502 580
744 72
86 903
379 139
215 865
623 100
60 806
862 608
617 347
323 448
772 667
781 723
485 636
913 475
713 985
933 1000
688 521
302 569
765 533
181 685
768 401
203 20
761 610
368 364
622 881
598 373
655 285
749 402
563 618
330 992
57 680
909 980
260 779
317 230
691 41
468 118
587 200
990 23
23 52
62 522
598 456
800 383
938 517
317 968
15 896
106 813
838 106
253 970
441 496
761 15
144 401
474 952
1 312
383 296
404 931
296 748
727 689
980 350
853 968
628 328
403 716
666 173
728 670
139 73
471 202
842 426
861 478
258 683
353 751
563 588
320 382
822 427
290 248
930 682
516 830
149 179
557 86
465 725
724 569
893 94
54 240
722 166
669 429
30 121
821 274
570 18
698 463
403 169
298 817
189 963
690 859
361 873
664 66
630 829
479 771
172 937
998 613
473 350
698 289
351 325
105 619
947 981
518 399
351 490
872 672
85 218
312 695
341 64
570 598
764 256
445 655
216 46
104 459
705 71
891 892
142 348
369 618
888 998
631 886
83 324
549 943
97 864
631 743
562 298
727 308
781 12
717 291
98 266
761 186
120 814
269 841
809 364
567 303
693 982
614 735
913 702
936 873
121 309
519 822
55 126
922 311
815 909
780 185
709 237
698 798
883 278
955 165
974 195
746 98
250 885
876 737
660 342
861 339
79 394
279 852
357 84
86 626
858 459
286 80
57 360
261 286
962 445
216 775
829 843
228 86
447 180
341 913
12 855
696 640
45 554
933 765
551 770
540 261
372 725
90 2
492 498
75 346
935 48
315 895
303 442
34 733
901 113
333 623
691 677
726 121
782 191
363 389
471 854
700 540
316 789
852 967
114 961
412 352
143 752
937 199
611 56
99 236
407 63
216 16
862 139
790 484
937 80
424 61
28 423
568 724
808 195
75 964
314 532
153 914
923 178
729 327
35 338
18 540
735 697
3 240
674 862
244 836
61 410
762 249
11 685
430 209
912 48
538 150
23 834
118 708
951 486
706 883
487 646
836 181
983 934
604 441
359 886
570 377
104 651
927 175
474 261
826 94
884 200
78 131
211 542
940 185
300 797
967 850
772 898
55 518
265 472
501 782
893 360
1 357
539 806
760 547
89 188
397 596
470 394
184 95
368 716
958 143
816 676
302 691
817 765
831 665
753 255
809 701
972 95
575 386
562 991
941 852
621 448
716 84
496 255
518 742
777 424
532 582
597 152
303 45
251 468
269 205
363 254
571 821
2 456
350 8
762 968
299 826
782 949
221 989
683 592
425 864
687 120
66 626
70 655
844 549
325 271
601 360
292 103
760 455
814 228
357 583
892 936
698 517
738 258
633 40
279 472
230 430
805 944
345 768
297 745
851 206
524 24
926 668
320 279
533 806
591 16
79 300
580 263
637 338
54 122
845 933
6 249
565 367
543 34
871 913
585 376
664 841
21 468
704 602
890 929
120 401
393 853
531 539
225 481
309 457
664 248
593 182
741 502
134 236
63 222
262 174
416 257
592 874
294 486
367 820
690 775
195 383
882 31
350 537
1000 110
655 856
622 165
437 343
905 61
427 417
411 804
468 691
575 673
19 465
501 437
817 874
804 900
921 729
256 678
591 904
856 331
912 557
919 298
175 921
672 109
838 318
71 165
630 188
558 585
799 673
767 381
257 538
247 533
588 759
240 845
477 16
403 885
443 928
106 810
187 423
153 251
11 757
672 553
268 156
515 165
720 945
573 359
847 120
714 271
880 539
942 688
598 885
519 804
896 443
953 574
864 111
422 907
205 281
633 294
363 895
409 812
854 910
799 27
152 408
659 652
146 841
73 767
736 41
82 375
565 634
177 649
348 470
974 390
669 428
745 94
800 382
214 267
57 444
185 247
225 758
156 432
428 429
730 861
825 967
642 535
77 914
481 777
712 335
289 130
556 832
246 966
319 826
289 371
235 22
521 184
255 881
54 324
839 320
877 909
381 862
610 520
645 7
749 83
553 760
806 26
520 463
43 714
118 130
946 409
342 986
703 503
255 508
862 172
293 159
114 940
499 902
62 596
144 833
291 946
952 600
187 741
518 859
558 980
562 299
447 831
47 337
692 922
309 826
11 640
716 340
14 565
128 612
516 479
903 393
529 860
865 68
426 792
524 81
563 653
802 623
344 725
642 4
21 185
406 186
206 255
978 108
393 546
157 521
52 668
626 698
310 41
202 622
336 692
545 217
695 190
295 268
863 713
580 238
641 102
718 116
857 61
200 353
208 893
274 210
815 779
584 455
74 829
471 301
211 408
775 437
88 51
481 902
794 849
688 500
119 140
455 774
327 451
39 335
741 119
316 560
8 481
229 557
181 650
754 252
296 444
322 368
329 564
575 335
544 497
999 563
302 481
50 326
311 621
458 227
558 534
333 801
502 856
947 29
469 481
182 762
933 18
809 28
807 569
859 456
524 561
586 374
363 51
774 937
541 766
340 481
923 290
118 682
837 232
305 975
219 513
241 969
210 964
656 54
451 434
692 668
573 431
480 450
120 41
811 320
466 237
90 641
508 400
478 860
318 945
780 862
840 177
977 264
542 992
998 230
746 71
769 4
309 323
405 848
195 100
965 392
894 294
776 709
326 450
836 507
416 486
400 615
475 773
427 166
289 231
18 505
539 825
521 278
208 23
376 897
925 44
837 864
677 667
407 621
934 314
476 934
355 985
997 362
891 251
48 575
288 14
811 922
535 898
381 774
420 618
223 103
62 163
265 643
285 576
217 186
186 398
256 842
80 398
856 287
71 192
65 759
53 442
305 696
218 647
610 133
684 892
169 473
709 735
452 584
507 687
939 693
257 728
149 616
558 780
27 836
69 193
296 98
974 485
121 146
748 281
917 740
956 334
480 127
889 149
837 93
141 470
35 568
201 187
511 968
612 851
742 458
176 354
305 213
509 109
534 454
737 202
258 709
692 960
261 546
617 652
615 169
11 7
902 309
46 527
711 959
91 482
529 111
845 821
251 760
253 330
366 155
258 918
891 456
998 492
980 879
413 58
894 685
987 93
664 104
186 756
918 685
423 193
775 364
393 54
46 856
743 279
159 557
453 954
422 443
596 978
777 152
959 96
232 414
583 564
690 887
660 835
40 716
113 938
664 262
169 1000
243 539
65 529
708 567
841 283
713 558
630 608
170 450
722 663
263 548
565 251
658 431
272 932
848 833
807 140
977 611
53 568
933 640
692 865
821 515
735 77
467 203
692 784
314 678
125 904
274 729
131 96
424 246
5 583
907 762
745 295
573 627
254 272
268 222
526 266
586 17
532 927
387 680
466 403
563 771
303 516
141 361
783 782
861 58
720 946
936 143
554 706
983 362
945 199
874 167
822 655
970 658
383 699
349 375
561 439
67 698
547 228
303 423
556 366
684 315
215 195
205 489
480 744
82 372
999 79
413 252
58 253
793 326
975 618
584 93
414 222
682 566
849 47
722 311
190 353
102 605
220 520
976 182
406 841
371 652
190 240
265 31
33 43
587 588
608 417
661 409
356 8
61 637
446 41
621 357
858 41
700 788
664 354
497 503
972 72
321 129
394 668
308 441
679 154
955 914
790 764
293 444
994 283
647 969
467 393
565 320
288 276
538 69
244 733
298 405
796 180
653 797
106 730
322 527
515 708
576 982
196 484
889 273
246 150
819 122
514 532
273 354
771 511
889 386
196 638
748 67
736 539
311 351
28 611
641 520
74 225
499 340
672 566
503 944
631 122
913 700
897 727
595 430
776 756
27 554
2 774
783 915
680 336
901 776
738 442
206 252
387 930
945 124
413 958
489 72
641 347
309 765
558 499
297 945
814 878
138 503
600 566
360 315
324 414
861 337
385 310
558 371
357 82
233 988
388 514
798 205
21 380
258 862
461 325
797 491
708 218
397 989
643 925
660 37
973 234
170 233
355 815
392 291
946 886
674 201
630 654
427 347
156 187
618 634
964 514
604 569
971 358
78 962
740 41
354 380
834 50
997 454
627 633
999 610
942 980
815 334
735 231
300 761
709 984
502 78
86 393
658 6
202 154
554 183
717 553
369 955
297 166
271 727
216 18
37 44
900 366
965 640
503 705
162 879
606 114
343 47
308 832
58 543
420 410
793 672
922 964
154 106
62 851
727 764
912 523
1 501
607 509
564 650
95 352
62 802
232 661
603 934
606 831
372 81
874 255
197 874
73 340
332 711
853 895
3 590
512 692
519 776
567 86
381 255
54 15
916 222
355 540
228 790
889 564
360 422
837 700
841 697
521 571
466 558
177 545
767 652
57 507
848 282
731 119
659 274
110 112
293 560
510 782
342 922
152 336
138 815
329 868
330 567
687 593
912 879
708 988
730 52
804 787
768 281
114 305
133 249
562 989
834 22
156 14
583 881
605 985
696 107
414 722
960 672
582 220
616 194
198 288
626 295
613 571
397 996
772 230
838 827
108 68
20 114
697 609
130 290
112 412
117 434
12 823
874 543
322 742
314 680
607 307
754 677
258 158
97 40
482 992
425 491
586 506
735 671
468 418
718 582
495 971
277 132
533 552
662 25
811 689
390 316
121 499
859 685
839 659
219 778
515 361
918 870
361 77
876 664
755 797
349 564
831 400
577 849
962 705
359 199
101 784
508 155
806 854
163 976
354 881
336 268
9 442
746 203
964 134
363 997
343 203
682 595
792 47
521 526
261 340
781 925
197 642
327 727
256 380
800 633
237 230
366 506
318 121
946 830
716 404
618 946
30 732
808 690
493 926
791 539
31 97
688 524
49 786
920 439
454 779
754 261
113 139
593 641
441 620
260 208
473 771
679 471
61 28
320 154
195 842
901 779
739 393
944 879
486 666
378 67
762 93
15 950
924 214
920 353
415 315
951 661
183 783
990 165
593 685
187 328
448 796
356 957
782 689
605 274
897 601
109 675
809 373
461 570
170 825
965 122
913 727
22 469
391 845
374 952
529 775
969 200
936 799
954 135
656 398
860 102
272 391
497 584
67 351
600 603
563 593
927 208
202 987
208 404
176 242
694 148
641 24
402 620
65 686
889 748
564 640
566 82
629 754
601 701
534 559
739 523
665 684
498 167
928 458
293 712
590 374
778 324
392 151
835 141
927 677
551 121
934 323
389 822
863 789
12 603
388 498
585 367
49 830
602 418
201 587
496 57
759 24
84 272
639 614
278 432
652 581
835 713
196 857
855 666
155 212
726 685
749 260
630 9
62 447
162 955
757 186
709 295
983 712
79 662
785 351
364 452
501 795
995 634
743 200
72 771
572 976
442 253
943 619
12 191
548 89
343 335
89 788
575 600
148 335
367 325
261 744
978 447
289 759
382 258
275 580
977 290
979 812
46 725
526 436
654 788
289 864
842 604
736 55
310 222
976 998
632 136
6 199
387 835
119 586
968 138
16 631
57 365
438 306
234 575
641 149
716 623
399 141
368 965
462 551
581 595
233 765
913 948
163 710
682 954
427 205
411 704
963 943
268 847
346 951
75 351
367 991
865 339
251 126
255 606
436 164
223 503
868 231
284 16
894 855
972 133
132 76
743 842
448 361
142 646
910 119
550 174
204 878
961 45
395 643
485 915
624 801
863 66
889 323
906 166
992 692
577 494
580 987
563 47
469 592
883 778
95 394
226 359
804 402
309 796
165 728
893 622
268 215
76 904
790 180
975 120
402 905
357 945
362 229
417 612
715 535
111 646
336 628
244 101
172 266
173 95
780 201
883 326
633 371
393 604
350 948
975 271
281 311
357 228
413 818
949 992
384 420
827 268
498 442
985 948
17 890
949 785
243 370
979 550
525 974
855 75
470 175
751 10
172 323
383 755
998 593
421 299
271 987
919 863
928 498
360 212
252 450
768 363
459 152
192 573
389 253
449 386
216 435
252 305
312 902
593 267
920 709
963 681
51 355
434 425
198 406
270 3
825 328
332 328
192 731
306 254
787 772
290 820
601 779
874 890
565 391
718 907
644 42
131 249
335 377
139 674
31 592
606 220
232 637
944 979
502 373
286 678
714 165
911 589
109 557
165 875
204 711
888 656
631 680
690 186
642 313
24 960
304 336
451 515
595 207
126 131
326 833
495 970
707 722
802 546
451 400
367 401
10 401
796 720
357 806
802 917
361 419
676 942
322 431
851 320
98 885
63 997
944 125
357 24
769 102
560 173
421 75
674 445
716 544
38 572
534 448
632 303
871 22
474 6
312 213
850 685
47 695
12 794
87 182
159 709
881 321
646 217
226 534
389 64
82 978
545 426
821 77
848 37
521 129
647 705
93 732
514 970
74 597
848 180
995 167
869 706
985 509
910 770
75 69
425 22
789 100
27 230
545 869
433 515
144 954
403 899
977 754
687 827
8 999
360 652
516 49
739 392
278 260
524 612
118 270
672 479
47 457
737 703
942 350
178 59
714 217
74 120
130 438
442 388
904 689
118 865
780 476
657 431
568 265
390 202
992 858
580 561
79 868
947 482
287 141
895 504
329 36
914 681
935 785
831 832
978 500
82 193
874 165
935 998
225 335
758 979
742 500
266 795
84 518
145 910
901 931
131 591
998 221
176 100
709 134
470 922
733 768
628 106
629 991
152 205
101 214
393 741
621 799
452 256
451 744
923 985
752 929
312 258
35 776
422 284
884 434
853 275
501 850
281 521
257 108
