1000 4978
766 556
126 826
896 437
626 652
680 951
608 308
609 442
792 187
208 509
5 984
742 126
427 224
877 872
35 285
695 539
627 321
4 894
774 325
333 171
958 251
662 94
597 655
447 927
709 217
212 515
508 522
931 362
383 143
58 329
170 956
241 746
794 574
959 344
796 667
339 813
321 714
766 964
324 321
343 231
610 512
952 596
554 447
916 698
757 783
498 76
5 944
20 90
122 278
957 444
323 139
359 567
736 977
201 925
921 833
350 165
595 333
740 277
602 987
120 811
155 393
232 805
525 725
484 555
877 865
288 731
551 224
862 341
58 26
443 626
29 497
406 175
119 631
834 353
53 491
765 791
859 363
608 703
915 45
699 360
882 904
130 165
828 332
884 273
387 91
955 316
616 100
190 620
484 167
11 305
250 219
549 832
514 937
930 959
678 892
219 434
365 175
330 677
721 980
573 939
315 903
191 650
183 69
484 505
47 807
411 510
598 811
415 963
695 13
436 945
827 950
717 939
11 943
495 219
595 338
49 699
137 545
136 567
321 375
456 944
413 745
839 935
751 961
610 864
59 836
921 348
577 775
654 23
582 528
765 784
914 192
553 384
648 807
521 532
133 489
776 758
392 21
543 399
546 161
6 871
658 368
108 319
844 99
183 762
519 892
132 95
621 411
170 995
73 24
279 626
853 302
863 126
30 481
322 806
641 918
608 623
145 295
292 82
38 97
534 288
576 271
11 698
671 45
430 192
895 851
422 727
843 18
93 431
718 535
745 632
666 498
57 295
295 212
722 909
445 807
301 409
846 430
684 754
685 786
190 542
799 628
159 478
7 687
606 731
129 501
222 314
370 44
133 848
227 64
558 85
265 168
600 400
191 944
712 842
468 267
666 159
145 280
425 811
972 849
700 78
60 416
414 469
812 298
193 454
151 662
709 296
488 889
915 211
718 542
314 864
264 513
734 111
262 85
687 289
999 83
506 235
967 863
211 842
55 219
755 385
593 302
630 289
43 326
462 208
855 51
95 870
743 598
395 62
414 366
396 297
862 23
241 321
774 949
611 789
518 835
63 836
193 813
486 827
624 821
180 943
179 656
42 909
272 935
288 562
20 653
168 515
885 79
669 787
691 327
766 777
418 87
610 704
828 292
204 246
854 700
796 583
671 160
862 921
460 334
640 321
931 271
624 287
972 507
351 51
553 168
687 565
483 436
301 176
780 536
674 503
804 887
493 275
645 97
545 57
20 927
941 96
284 869
194 975
908 367
16 490
54 923
825 421
183 886
975 969
645 242
496 738
888 815
336 668
228 471
484 364
486 909
527 681
470 971
472 22
680 731
83 488
202 348
132 704
614 836
99 322
122 639
209 841
829 784
288 327
371 125
137 43
965 147
479 641
899 565
775 816
97 404
101 992
869 699
225 13
217 759
433 302
736 577
947 362
882 365
755 201
42 811
213 784
558 435
256 589
996 984
654 269
585 411
89 557
328 467
695 896
439 31
794 333
483 708
63 415
284 915
238 201
413 710
695 116
342 66
248 708
932 755
147 80
627 871
206 263
666 626
787 983
700 268
239 112
591 826
461 843
292 565
615 501
744 165
608 269
130 449
316 847
558 442
63 55
208 430
734 335
658 939
378 201
769 340
130 112
985 133
187 385
564 579
498 697
264 321
199 136
410 890
810 380
639 79
783 362
533 429
101 904
626 240
809 629
330 411
793 801
602 912
812 80
760 993
797 889
119 550
220 632
529 319
505 663
70 563
586 613
715 497
809 116
243 900
246 943
211 357
802 896
896 912
608 263
506 560
475 799
956 551
475 173
846 759
631 722
355 184
157 945
581 575
16 479
678 587
810 172
172 374
427 858
541 887
467 780
672 522
547 61
602 950
953 835
456 357
774 673
700 659
94 102
816 247
795 602
64 181
340 858
709 587
767 144
966 960
463 107
535 323
591 102
441 59
760 855
500 997
981 295
250 275
638 856
913 388
53 441
573 399
312 893
39 175
884 504
461 281
484 159
658 632
417 274
449 104
394 879
399 103
458 737
39 587
647 246
553 871
525 676
762 281
486 937
417 662
36 104
330 551
437 321
111 414
170 890
331 860
578 916
425 988
279 468
599 181
527 392
694 509
127 830
493 938
424 719
544 923
570 819
653 941
196 552
340 597
538 435
806 575
825 345
311 361
756 221
521 445
592 992
423 528
128 910
732 984
472 74
255 321
329 26
972 866
610 509
681 99
87 789
433 23
778 423
447 400
433 609
893 480
904 201
180 125
398 428
199 894
827 641
402 979
819 240
99 976
128 613
494 998
327 758
28 723
216 852
160 225
179 319
930 477
452 444
952 946
861 247
413 752
459 674
99 545
18 381
999 665
582 281
105 683
694 936
533 811
163 560
476 961
538 294
665 726
940 400
244 827
202 372
742 996
599 101
221 184
929 652
324 72
769 205
185 305
881 139
718 551
235 330
885 62
645 532
766 852
627 558
194 57
358 731
309 442
749 404
252 940
58 690
262 456
571 604
86 689
432 808
913 33
397 144
474 546
793 635
683 244
794 586
335 819
429 692
926 754
302 247
188 407
818 472
514 890
966 836
163 226
437 629
738 201
746 388
220 791
848 144
868 372
283 147
85 488
581 531
839 126
16 896
200 562
529 787
420 469
739 615
408 106
686 381
816 748
926 987
193 757
35 675
624 319
178 528
200 641
883 935
130 661
142 38
722 177
210 583
55 764
814 545
107 193
883 894
287 473
65 319
259 814
386 954
148 589
351 966
320 768
543 905
802 959
90 182
327 888
401 577
825 364
16 994
438 51
757 617
834 226
999 540
157 473
84 623
140 124
196 97
487 407
198 261
642 282
218 952
700 735
371 550
189 1000
99 269
427 959
743 737
502 143
845 729
13 144
986 584
443 988
717 274
386 250
809 725
741 961
479 62
190 402
689 305
569 816
683 361
113 743
862 643
719 62
955 921
226 779
262 341
779 381
926 764
433 675
486 183
290 335
40 987
165 823
733 349
612 748
462 444
869 580
637 189
676 840
162 456
364 583
897 27
310 240
39 473
614 948
812 735
152 888
942 655
689 473
229 480
743 603
965 97
527 750
694 106
347 861
402 618
902 19
535 179
424 515
133 746
741 389
541 40
818 912
708 82
732 961
16 275
91 922
52 11
105 233
879 604
8 465
476 815
555 449
611 316
295 575
539 126
524 618
117 102
385 354
67 251
448 762
287 348
56 723
843 913
309 90
903 211
152 166
615 830
998 542
446 908
964 855
967 997
17 438
695 538
703 179
458 785
661 849
424 635
131 881
150 63
751 478
558 349
262 110
688 785
781 300
394 62
692 889
303 535
17 764
89 381
137 214
278 601
666 9
6 542
595 984
134 633
751 205
45 909
766 414
72 870
91 572
40 143
519 777
250 752
686 130
587 791
598 923
857 229
964 719
78 692
752 411
881 177
681 394
187 728
775 560
387 371
246 518
390 411
781 777
709 316
32 707
731 438
742 632
787 831
517 799
130 953
178 96
274 520
171 223
448 45
693 968
909 710
548 855
571 881
459 861
757 870
810 832
111 345
941 234
692 777
7 642
962 572
858 824
107 177
645 635
788 3
759 939
609 90
957 922
314 950
404 353
703 847
631 738
727 995
817 504
549 719
250 772
217 79
756 725
632 589
770 357
717 363
720 269
259 366
8 836
540 997
924 68
922 509
176 10
105 463
16 536
964 619
259 552
466 95
560 603
685 903
26 75
356 344
126 815
439 422
716 995
475 448
865 405
97 771
901 10
668 267
934 788
818 366
86 144
217 410
751 678
311 885
574 933
187 36
541 379
419 682
910 566
930 176
965 711
533 277
479 17
776 75
869 219
244 289
524 870
778 569
466 474
176 1
323 946
214 242
731 388
75 562
674 697
775 2
150 958
147 618
56 87
11 313
877 888
949 827
126 195
770 85
406 502
402 27
323 572
877 295
298 655
561 376
299 673
228 281
854 648
466 585
359 444
144 750
492 713
218 844
203 518
451 563
354 103
956 511
261 735
812 993
500 374
45 184
109 33
176 937
653 441
530 741
821 482
783 607
825 556
700 514
301 838
955 177
747 726
498 201
795 357
508 878
392 294
764 551
14 134
50 545
217 791
787 850
845 727
829 552
424 428
170 103
558 196
26 93
60 80
28 864
981 861
487 318
549 271
54 871
527 58
368 308
884 946
4 160
207 336
671 258
599 571
9 583
709 766
126 975
196 867
952 625
627 7
347 690
594 242
499 69
744 361
190 860
141 657
642 133
454 282
185 982
331 47
538 978
260 349
527 988
443 410
928 826
378 87
877 836
788 993
977 856
381 520
535 839
631 373
977 886
559 370
119 129
727 748
906 923
489 360
235 294
199 820
916 186
402 470
866 668
633 836
645 809
335 835
7 742
283 940
985 396
397 891
342 787
822 164
938 893
685 872
607 663
811 750
792 556
459 536
6 465
561 507
176 530
102 37
102 622
252 516
533 885
18 537
397 106
460 505
813 165
744 692
856 270
635 497
893 450
210 161
359 714
715 117
369 110
591 655
958 589
137 96
999 64
837 101
506 881
14 263
73 515
681 54
955 429
403 984
922 808
478 689
264 552
744 594
56 469
781 211
775 800
470 737
687 321
217 502
200 410
163 622
95 619
828 735
52 367
226 819
926 867
793 228
376 699
524 96
216 197
530 925
930 641
159 813
879 171
882 646
885 984
888 823
744 230
959 542
780 412
508 810
413 379
252 453
90 24
110 881
437 186
666 822
539 725
352 441
761 869
776 523
309 907
198 960
529 482
72 659
972 93
703 876
261 381
392 943
355 37
559 348
527 920
911 471
70 29
911 633
237 878
91 623
77 442
403 667
594 305
775 953
105 21
544 998
834 141
928 389
999 351
378 682
269 777
929 775
594 412
99 815
740 295
760 552
541 893
804 580
345 166
720 842
186 412
384 49
183 419
683 119
196 59
706 185
300 816
173 62
176 878
833 815
909 842
620 984
985 945
71 675
202 5
898 550
402 451
440 204
650 586
595 912
3 867
119 29
999 455
827 988
720 50
834 80
153 850
370 773
327 229
263 890
811 725
242 298
872 410
671 554
304 460
28 997
340 506
261 294
887 87
533 725
494 125
680 460
755 784
627 967
369 384
680 547
154 575
660 344
715 721
324 483
508 128
788 249
240 435
899 292
809 78
740 96
504 114
468 88
803 192
651 605
211 289
451 813
664 570
701 395
757 393
387 402
5 623
869 864
838 556
142 738
877 74
81 832
56 863
74 66
202 415
679 739
314 565
132 476
774 39
758 184
339 815
392 353
304 958
339 90
929 964
858 611
105 841
967 530
805 270
571 391
67 958
591 754
832 542
444 295
448 509
599 199
417 661
142 369
914 246
519 520
644 616
380 473
830 489
137 156
265 471
484 813
84 730
824 984
486 461
120 468
594 984
664 513
324 953
439 294
81 913
794 633
100 797
193 472
30 431
159 242
72 172
347 313
258 705
217 473
704 870
337 184
136 383
42 720
820 872
505 898
414 452
89 520
36 628
73 710
681 460
111 305
403 543
540 639
26 27
636 925
964 114
784 963
769 567
252 489
696 346
825 716
329 343
263 108
866 412
495 989
21 906
997 520
776 551
216 13
339 778
91 253
359 936
177 753
87 82
307 296
733 17
592 37
298 289
149 960
496 996
632 305
794 576
872 939
869 711
283 395
428 454
771 668
838 542
306 208
641 360
343 181
933 890
590 821
664 108
521 421
260 212
409 860
554 514
964 892
547 972
623 939
314 907
185 773
81 737
741 280
500 221
527 360
340 646
855 762
395 596
255 478
865 33
579 280
959 294
525 719
852 281
958 870
32 436
804 719
680 419
437 8
679 569
612 123
683 247
594 381
666 73
922 388
872 614
191 468
431 622
765 62
660 719
235 390
787 181
197 942
789 852
612 988
42 331
250 673
686 275
228 18
302 434
763 785
548 685
309 260
532 924
534 327
574 677
404 104
818 146
882 51
101 535
210 331
746 732
138 969
933 253
577 418
397 55
718 175
845 803
535 188
610 555
829 20
647 109
389 659
122 991
393 285
294 469
380 411
806 726
581 490
979 833
294 79
722 321
722 650
923 567
199 93
839 812
879 771
695 861
916 481
679 647
352 967
223 497
405 169
138 468
581 960
540 556
324 628
237 650
329 505
606 557
38 782
810 136
647 672
616 780
728 273
618 528
530 574
512 173
89 473
658 529
915 613
972 594
242 316
43 366
616 447
445 889
340 763
774 867
509 156
962 656
754 620
204 192
24 177
721 630
284 822
249 583
106 911
516 933
397 956
948 572
54 936
757 865
666 944
81 699
64 892
119 754
546 775
630 114
34 156
342 457
254 366
801 568
960 268
751 403
358 906
210 317
715 726
285 675
915 618
643 273
983 870
592 455
24 596
919 164
599 820
685 812
814 458
9 110
617 449
138 49
792 521
433 842
142 455
608 786
272 823
917 963
846 268
956 943
315 452
476 27
687 754
262 918
284 939
48 270
798 569
372 528
236 168
642 167
239 694
739 524
646 40
668 939
704 404
206 723
648 341
653 655
33 357
126 348
900 224
54 82
146 211
699 171
239 210
187 513
902 268
760 939
408 64
688 208
320 226
907 102
668 990
401 418
967 885
70 263
552 2
880 959
535 849
956 823
98 786
578 971
117 509
228 208
543 411
765 23
361 510
577 436
899 49
792 21
793 905
5 958
980 473
543 871
858 673
200 622
251 556
491 913
825 979
199 632
883 270
666 898
244 682
704 848
43 22
536 753
92 446
929 765
304 225
94 391
94 603
923 753
24 563
77 791
406 173
867 173
641 676
645 57
382 60
477 941
443 741
210 117
408 23
874 156
949 750
567 851
380 447
571 737
218 891
591 404
63 441
7 504
727 994
638 220
553 740
566 764
203 47
3 154
132 404
709 325
558 667
200 528
123 372
344 71
189 577
309 353
454 870
454 251
188 456
137 688
781 658
653 221
488 711
582 547
767 195
128 93
16 899
185 156
183 655
386 999
810 840
34 968
7 815
136 791
693 833
141 79
641 302
731 787
346 917
679 723
756 231
919 629
131 540
776 839
941 115
680 813
85 556
855 24
342 437
52 912
695 499
540 204
439 415
558 670
833 570
760 518
669 799
211 100
870 268
340 139
503 425
70 217
460 516
128 165
790 968
908 180
183 321
701 174
495 83
150 193
775 125
78 983
580 542
390 37
138 927
239 236
505 752
153 947
183 205
309 292
432 114
402 722
350 33
940 211
45 603
45 497
304 603
484 748
857 37
645 675
262 488
163 634
992 552
848 306
262 974
223 1
443 864
455 292
228 519
793 419
581 458
599 959
446 885
340 917
215 267
213 96
299 760
792 153
193 378
130 808
637 995
973 777
845 731
930 740
228 170
940 384
389 134
523 469
766 919
891 634
158 477
461 965
769 421
738 473
367 585
745 240
170 576
667 748
409 963
737 224
341 110
180 826
731 698
495 730
774 508
26 726
27 870
484 400
138 760
485 372
158 298
302 927
456 807
880 697
985 785
310 609
594 139
957 165
27 791
917 263
411 1
35 806
751 859
290 725
203 586
919 361
758 868
615 542
122 932
748 253
985 213
822 705
17 27
145 494
293 355
810 488
938 677
315 385
742 296
290 448
49 650
67 55
942 1
474 738
952 633
292 951
166 66
739 156
6 470
834 184
249 630
965 797
916 847
624 716
56 766
934 520
124 634
461 622
93 10
213 715
799 410
122 476
625 246
164 502
592 623
203 789
901 513
495 65
740 641
464 242
444 824
26 991
838 937
516 518
309 502
393 518
368 291
369 254
810 812
954 12
724 977
323 883
53 428
862 600
204 323
61 316
320 888
156 510
121 580
107 103
229 824
190 855
380 727
142 242
642 299
326 192
792 783
334 128
317 88
615 273
636 890
830 655
198 561
70 197
128 604
440 862
257 291
704 390
464 318
558 707
769 314
980 860
548 890
56 995
56 24
774 372
972 94
437 848
938 90
922 816
906 726
355 36
337 593
908 835
266 925
57 714
396 364
397 194
843 286
583 771
111 180
760 741
387 308
340 225
7 688
162 998
769 497
470 29
784 654
310 1
376 388
77 266
278 62
902 723
994 753
66 851
676 381
985 708
853 809
749 430
5 354
779 165
475 550
993 79
162 473
685 988
524 580
209 502
227 787
366 389
730 711
423 80
324 961
828 23
606 813
934 851
789 633
276 247
909 911
867 268
742 870
999 454
50 78
239 655
949 733
694 908
52 512
432 277
700 591
93 791
848 277
938 771
869 97
339 231
599 391
965 776
965 323
324 93
235 231
953 976
695 549
715 868
5 296
993 471
204 909
413 90
95 1000
297 899
798 817
526 557
86 563
766 764
343 64
843 667
492 459
293 891
662 476
386 805
21 903
922 76
27 502
796 165
546 381
341 623
985 382
680 150
458 454
244 230
920 719
387 616
121 494
123 478
160 68
768 94
197 819
535 519
966 726
611 824
351 166
902 562
248 306
466 866
303 67
770 692
770 225
305 849
700 565
458 184
701 364
242 134
172 211
786 990
100 434
65 458
102 268
179 126
72 388
254 475
36 106
882 429
646 808
594 505
152 28
43 968
318 884
28 726
303 362
257 273
342 275
876 498
713 976
608 880
645 375
743 349
809 100
848 372
539 552
830 946
724 846
745 12
781 246
531 649
624 37
269 785
992 14
341 155
458 634
743 292
303 72
658 457
696 236
989 431
313 233
976 103
723 661
464 395
337 543
252 919
769 123
608 205
129 273
774 244
775 69
389 282
299 814
29 803
140 362
843 870
950 542
77 23
25 81
405 992
299 37
524 13
599 587
1000 267
413 970
213 925
531 69
625 501
241 707
917 458
810 244
848 847
405 166
110 847
137 467
486 275
929 482
252 668
736 469
308 787
277 289
989 97
516 722
524 806
979 750
46 102
526 123
929 389
982 649
896 672
254 573
953 852
756 434
670 660
97 64
460 611
317 657
339 786
747 196
957 849
197 336
323 575
694 635
527 363
827 236
773 563
151 99
792 211
597 927
818 595
157 557
320 363
429 313
583 156
415 318
435 33
533 818
272 850
384 247
370 791
600 361
976 267
942 528
356 40
339 423
766 66
234 620
346 575
845 412
960 842
834 943
303 536
943 430
123 156
621 192
749 395
930 807
825 733
182 377
809 635
862 832
5 156
478 756
467 667
191 794
694 452
972 193
786 294
888 60
631 914
466 280
277 593
848 755
478 306
746 45
688 519
526 758
122 504
837 543
970 675
876 622
109 195
253 871
368 574
292 975
739 513
591 927
481 676
5 979
16 290
732 515
323 294
678 204
120 251
54 65
977 927
517 802
593 68
775 596
558 156
67 305
887 976
429 589
798 789
819 253
602 759
801 909
658 69
399 319
516 59
165 622
739 434
703 717
575 536
209 121
724 680
980 357
66 568
527 494
431 453
879 510
694 629
258 12
199 756
934 873
424 685
721 172
902 61
28 249
157 106
747 323
432 951
658 871
360 374
310 860
611 861
795 744
460 426
762 806
320 381
724 111
284 275
250 431
207 873
878 994
272 69
825 49
148 600
129 634
493 838
739 42
133 583
922 3
190 93
581 893
230 931
525 561
216 504
397 669
895 482
345 787
642 975
256 62
420 159
185 323
369 625
116 944
264 942
599 904
943 562
855 970
843 770
573 291
681 713
973 966
406 516
706 22
55 514
462 589
800 388
178 40
233 407
625 78
843 915
241 751
56 883
766 267
829 348
278 450
724 984
304 414
692 212
255 364
378 215
477 802
260 259
939 984
339 149
928 317
413 645
646 755
734 897
609 214
609 665
856 376
405 924
137 835
172 889
689 289
709 83
303 843
714 725
507 177
859 388
190 605
398 629
475 357
70 473
336 114
669 253
691 178
340 460
343 942
144 223
417 350
772 591
772 388
439 392
560 727
25 167
902 515
463 6
340 402
379 165
507 104
949 874
272 179
734 306
350 998
477 230
44 898
268 12
445 786
104 823
543 585
647 440
985 248
496 75
914 657
957 98
405 933
541 56
906 407
339 823
623 457
52 592
679 142
37 735
774 520
21 725
799 635
651 994
821 511
85 546
486 789
602 994
733 268
843 468
535 591
369 826
384 787
722 437
146 485
500 846
176 711
265 711
602 239
346 432
468 375
696 157
200 599
91 725
592 969
755 263
846 57
151 354
855 727
873 125
964 76
48 832
578 609
566 509
427 271
329 722
382 575
315 909
187 54
478 134
460 693
635 663
137 219
981 373
635 167
540 519
768 110
127 752
798 106
65 550
123 415
713 147
749 650
589 900
343 667
338 126
148 314
666 917
989 319
760 519
466 472
428 551
837 231
214 591
196 78
456 905
820 208
147 457
576 906
200 6
595 768
759 155
182 625
246 74
854 448
985 279
216 9
624 331
418 398
382 47
793 353
322 752
312 540
245 808
853 557
581 718
160 614
976 360
326 898
479 634
382 997
440 929
645 124
386 110
739 292
571 946
729 811
541 187
26 906
238 55
84 504
999 309
346 579
436 511
20 788
593 1
591 522
963 171
384 660
444 271
46 47
985 751
486 475
200 176
517 701
790 629
681 967
538 143
60 274
387 761
188 689
754 847
136 951
284 509
56 213
967 423
769 420
111 636
238 876
315 785
260 963
445 15
410 429
417 916
713 922
845 567
535 400
258 188
819 575
995 224
498 568
579 993
713 940
547 181
912 161
119 137
713 603
524 156
38 973
721 762
208 467
38 830
544 578
192 215
446 699
250 24
896 282
20 898
703 655
27 80
619 104
980 732
279 594
216 23
196 882
979 208
187 754
702 589
595 72
58 655
812 292
691 102
712 748
16 350
187 905
237 453
384 263
720 348
810 47
370 400
619 174
326 501
544 415
581 833
670 900
820 407
490 995
902 230
145 196
109 139
272 913
718 764
293 68
341 231
773 970
464 255
928 614
702 7
818 741
301 847
158 535
891 618
896 273
148 362
947 889
310 167
619 991
278 363
441 654
209 507
98 12
54 195
90 853
87 805
116 851
938 505
129 791
420 357
21 289
595 900
300 211
952 161
858 234
963 569
821 773
409 629
199 700
936 390
934 945
538 454
926 633
990 675
581 420
967 538
656 927
677 779
435 103
533 892
90 591
545 65
158 630
352 290
616 97
244 263
448 490
250 487
179 106
89 931
293 643
862 891
497 40
650 267
282 692
559 507
193 346
999 123
855 797
548 17
859 915
296 298
330 664
440 259
581 351
4 278
151 922
554 498
243 37
599 280
837 509
35 933
767 892
89 893
716 655
200 856
20 697
772 454
187 277
702 3
6 449
962 267
85 3
359 612
761 754
452 727
45 295
626 156
380 159
311 705
58 103
539 354
57 563
333 885
503 725
202 532
794 207
602 213
711 96
331 110
396 987
915 240
989 9
330 973
666 476
977 404
316 168
688 65
320 614
465 184
48 480
377 430
358 653
895 729
107 911
329 760
492 348
627 116
627 798
829 699
705 885
703 198
272 248
321 76
798 750
621 441
621 162
433 967
52 935
589 144
476 966
934 931
379 472
736 32
331 897
333 925
652 811
646 444
610 923
971 628
999 342
912 568
769 255
435 927
157 944
956 657
760 124
544 814
38 86
66 939
105 242
879 966
715 673
75 372
130 652
148 83
757 939
499 983
295 372
229 995
234 510
805 944
899 557
239 468
576 787
955 889
148 173
743 786
981 292
506 542
21 33
952 225
293 604
21 856
301 343
284 305
637 157
231 673
304 636
472 805
418 597
163 833
158 868
493 720
757 978
296 873
426 952
106 510
317 32
981 656
303 388
730 912
396 444
161 990
128 546
53 600
992 764
610 807
645 356
810 894
133 69
700 258
637 521
486 746
107 227
679 254
590 122
403 363
6 27
856 10
233 236
178 10
932 316
745 514
359 442
720 319
756 661
774 28
481 656
578 126
246 400
867 75
29 438
638 28
379 138
414 927
347 431
897 60
200 988
929 22
189 986
351 650
9 698
358 146
893 946
893 509
41 579
397 3
527 48
757 957
477 288
278 270
244 221
491 456
857 276
698 434
496 329
774 951
414 697
20 750
739 645
665 925
499 594
483 780
857 532
763 78
697 285
213 97
30 617
112 399
696 442
954 223
241 723
352 165
43 750
579 944
844 545
283 706
498 442
769 544
713 172
521 993
806 388
382 321
682 894
826 891
419 295
794 864
848 676
157 373
610 356
508 738
930 813
136 936
130 665
930 840
258 399
854 551
443 137
137 806
20 785
191 321
484 733
837 73
784 75
287 40
736 655
218 666
38 555
848 355
645 487
331 988
333 485
121 601
463 188
926 753
967 514
250 740
217 956
217 917
53 38
592 856
844 408
307 458
671 674
478 812
815 269
301 322
863 50
86 918
983 412
345 677
604 631
237 293
809 375
721 149
741 271
776 925
724 563
56 543
734 176
424 729
999 916
270 362
888 978
631 874
101 939
652 557
345 973
873 40
782 295
508 616
218 296
555 468
38 565
169 319
904 806
728 501
543 319
907 998
965 835
306 192
821 884
967 253
309 85
365 675
774 444
921 24
43 9
334 71
962 353
46 6
818 639
383 900
233 80
787 813
327 620
610 389
740 22
574 231
794 204
716 958
544 641
545 995
712 589
472 924
755 632
914 677
48 212
38 288
974 973
115 453
491 598
386 454
798 208
213 395
641 630
967 349
733 549
865 820
185 247
848 166
149 404
830 943
209 252
248 487
193 119
504 849
375 363
529 64
127 937
694 335
77 444
973 225
20 874
865 360
538 318
738 515
151 655
759 1
210 863
977 478
339 1
894 390
587 400
255 811
328 931
910 562
226 575
170 813
228 836
209 894
321 273
272 706
841 361
529 866
285 673
14 353
222 506
200 253
661 80
455 753
866 184
606 470
279 71
262 5
786 605
57 453
496 381
117 552
486 784
264 62
926 458
86 253
822 966
964 153
237 820
415 481
534 177
624 69
867 24
794 280
383 536
837 928
288 31
802 488
895 974
776 412
308 97
364 6
76 568
148 157
276 74
220 388
795 388
527 420
1000 941
160 168
200 697
587 480
493 567
829 626
793 337
940 667
689 714
63 147
798 663
418 45
56 472
384 195
132 587
828 251
794 768
558 393
462 98
744 965
854 230
8 450
588 652
92 881
932 326
571 14
972 800
130 460
97 557
245 755
503 705
500 311
524 883
202 748
999 516
139 471
857 27
288 298
180 435
553 370
825 510
113 315
977 324
297 519
858 916
162 576
464 973
109 388
593 898
373 575
155 171
50 447
105 741
507 841
548 929
932 510
200 783
788 707
739 687
424 216
888 605
575 903
745 820
826 542
700 658
123 409
765 970
217 665
255 881
163 735
480 223
351 249
78 931
961 234
376 416
598 416
876 277
788 983
358 550
607 850
593 661
443 655
119 584
432 289
898 991
250 997
895 845
491 974
700 800
717 649
865 58
424 48
704 221
190 966
310 899
681 757
503 752
619 906
915 423
771 490
884 990
41 668
902 30
833 242
760 392
250 778
787 298
718 391
590 872
468 943
131 984
703 523
406 665
577 867
299 587
930 624
638 387
640 525
806 469
682 754
293 750
332 959
77 775
460 606
480 831
419 535
124 908
621 149
367 87
915 904
237 65
20 567
369 201
976 447
799 651
667 984
742 22
526 871
727 247
858 777
638 822
696 78
288 971
680 776
623 808
609 717
196 425
152 199
981 947
249 618
731 97
254 288
401 540
272 932
537 562
404 785
590 430
206 391
955 905
742 30
980 170
747 97
977 4
507 126
58 98
790 961
75 556
591 335
441 860
251 969
315 887
120 947
320 502
431 180
767 243
876 871
308 545
610 298
338 611
422 181
688 911
11 917
547 295
658 350
364 835
491 589
478 875
533 457
295 469
295 96
188 62
957 936
744 364
574 12
466 718
162 961
604 1000
532 125
571 42
530 833
872 822
188 173
558 803
581 322
284 326
359 770
712 964
123 832
415 390
899 886
89 925
974 915
369 957
729 815
742 351
101 557
300 403
555 355
176 129
396 958
218 369
718 338
644 543
22 874
577 481
902 965
524 117
856 40
430 944
89 196
922 904
343 156
199 123
627 580
369 257
205 336
791 945
119 373
494 14
799 66
303 169
196 21
713 133
640 611
521 606
697 374
971 115
862 429
25 336
190 725
504 572
249 946
615 24
140 588
696 773
552 842
989 54
590 559
380 388
421 570
316 622
683 623
616 838
999 950
526 2
30 39
680 130
277 82
310 855
477 904
370 194
133 806
110 951
448 178
44 125
158 822
16 342
894 689
749 807
199 703
848 281
981 979
23 568
796 454
128 906
891 960
857 208
977 11
514 819
674 570
843 933
644 146
982 219
296 885
704 455
317 513
867 789
710 88
106 289
8 797
93 399
187 691
151 211
445 498
28 286
621 995
16 318
414 137
924 400
55 34
440 260
755 690
136 828
67 720
244 269
359 477
490 372
92 37
414 933
130 477
226 441
112 454
615 748
820 289
410 995
492 914
965 344
604 22
514 375
553 893
254 785
19 803
424 935
387 240
604 522
227 900
230 912
585 743
683 441
592 932
664 305
386 808
369 928
977 395
688 407
983 295
943 939
566 103
911 103
787 45
916 82
517 784
647 418
243 693
535 509
67 44
124 542
275 632
586 807
313 166
806 513
537 614
452 62
262 635
938 953
315 263
235 630
120 600
710 59
140 746
87 166
940 952
56 363
259 675
974 636
59 103
962 713
962 178
977 762
286 905
821 475
638 567
67 732
94 874
497 473
315 62
373 945
448 104
411 156
32 855
410 381
626 941
74 510
387 874
63 649
95 562
494 510
367 628
244 898
260 192
335 501
337 577
585 29
137 27
769 858
638 381
308 756
461 29
774 908
369 699
81 497
155 918
559 625
191 966
843 25
486 359
472 530
255 147
430 375
77 3
967 318
388 699
856 714
573 926
192 267
817 195
379 907
582 918
380 282
695 230
145 635
755 907
611 69
132 253
478 513
227 185
245 885
694 404
947 656
604 375
340 651
306 987
588 883
644 336
257 242
519 819
702 529
747 975
410 400
121 808
657 987
392 236
397 235
736 150
185 912
366 10
449 620
461 963
670 66
301 794
859 650
985 103
624 737
713 765
516 502
521 437
647 235
703 30
493 11
539 50
121 727
26 566
859 308
254 448
766 40
423 536
149 860
612 68
744 415
946 319
856 99
909 423
322 579
949 880
169 549
218 295
721 815
376 356
222 359
95 330
398 336
888 489
961 501
728 488
230 40
486 893
359 449
640 121
696 6
343 182
878 935
184 655
242 993
682 935
615 223
818 114
375 268
261 858
140 663
658 62
72 37
595 995
992 833
578 438
494 177
745 932
5 880
210 770
266 560
474 362
399 118
879 467
943 64
238 257
534 871
387 830
902 438
387 560
427 813
248 619
541 299
379 445
586 319
624 966
342 665
606 186
416 847
147 998
97 663
77 14
648 69
151 125
707 596
621 593
179 441
325 186
308 230
56 887
399 201
20 146
810 253
324 768
287 289
879 267
449 344
121 939
877 753
527 631
380 779
769 218
603 556
867 765
130 957
42 473
387 213
776 585
522 536
744 51
544 48
598 231
999 63
106 737
962 504
395 344
142 788
696 363
952 416
809 633
712 922
3 815
333 12
49 731
335 344
248 434
959 690
815 47
764 569
549 946
314 876
440 302
538 377
37 175
721 438
170 436
794 593
145 626
541 526
58 31
11 409
213 114
17 675
953 240
420 73
810 228
558 819
577 909
445 916
921 47
122 515
53 404
726 613
731 618
715 756
399 71
293 704
206 898
833 62
492 855
83 126
249 311
598 675
105 45
733 911
986 27
307 403
308 632
609 816
149 887
314 355
478 168
500 480
322 991
492 235
318 650
340 73
506 388
513 412
73 389
716 23
117 208
312 949
955 35
790 648
833 377
869 36
1000 173
229 656
89 5
910 974
398 167
418 372
917 552
121 57
4 749
693 86
499 729
207 136
230 373
853 75
678 225
394 509
397 469
364 579
559 887
39 469
403 572
538 676
333 771
45 778
377 786
265 991
50 836
87 457
595 876
916 156
142 364
534 776
573 803
888 993
705 253
813 62
938 335
768 923
507 737
806 711
272 626
441 536
387 481
408 165
778 108
763 109
800 390
378 894
415 507
329 543
290 783
129 960
370 830
405 269
461 992
354 186
246 515
330 959
581 522
140 110
69 144
324 424
751 259
218 605
553 195
883 580
666 709
702 733
645 755
151 756
440 753
226 429
264 285
1000 519
452 959
786 510
426 448
239 401
472 851
856 905
758 450
541 213
72 636
210 121
679 707
599 828
85 225
303 286
230 668
252 201
311 570
640 722
916 10
538 75
3 915
49 717
653 564
339 929
213 13
624 684
549 62
552 291
623 909
423 634
703 979
557 836
491 421
894 833
810 970
415 598
985 859
401 886
214 391
660 563
19 429
646 876
352 387
210 372
206 584
742 197
303 551
817 274
485 575
474 438
328 991
500 986
400 777
183 587
662 889
443 173
796 802
466 6
248 72
217 623
508 397
674 403
716 631
339 60
183 167
149 568
774 424
308 221
686 202
965 806
804 84
540 912
401 116
992 908
973 572
25 379
760 514
501 267
209 715
564 434
290 868
858 550
142 840
804 459
879 913
221 71
459 779
226 114
631 540
544 83
899 97
50 698
108 114
254 938
516 598
241 12
996 802
558 41
462 494
119 504
249 188
51 319
35 898
622 970
878 432
291 502
384 889
441 453
3 458
61 277
466 144
598 937
582 354
913 313
783 594
741 273
163 176
272 981
884 657
612 318
262 196
999 565
301 866
312 663
214 589
216 156
182 442
258 458
95 236
18 568
334 852
841 372
30 644
910 806
570 76
310 286
241 5
573 412
913 539
667 987
231 563
335 692
32 94
746 269
304 164
262 688
598 676
828 129
611 787
22 381
850 735
814 777
800 584
46 375
818 500
913 306
70 68
491 330
553 731
751 536
899 438
538 282
666 343
830 372
151 285
615 856
232 468
702 89
394 170
73 956
339 887
610 706
419 807
259 538
350 18
431 948
703 490
890 562
679 644
322 166
197 208
576 550
678 779
700 823
537 134
187 659
995 808
137 330
156 750
530 274
930 908
971 601
56 501
717 437
384 887
222 891
759 542
115 465
725 469
773 819
430 100
320 356
490 435
148 669
457 605
60 436
647 351
499 246
544 580
732 753
709 284
670 591
506 723
377 168
87 697
92 965
185 656
897 436
133 432
959 725
706 383
784 365
463 862
796 604
857 300
81 945
344 515
163 73
958 822
183 449
114 319
920 758
81 944
99 465
615 616
227 699
581 99
406 326
158 716
303 886
529 363
839 864
52 566
74 657
255 139
865 890
424 693
369 843
956 393
443 883
885 840
88 282
541 758
191 534
679 162
89 116
199 598
256 264
383 960
833 991
8 697
117 249
120 851
972 156
429 514
491 178
394 113
965 939
366 326
901 473
81 227
432 423
580 562
375 12
677 983
587 748
218 377
971 269
499 104
623 109
721 915
222 559
720 349
963 106
647 49
140 217
323 203
641 836
702 904
555 833
573 109
35 39
958 851
462 73
229 797
122 716
206 18
529 594
288 214
307 50
409 643
955 216
312 213
209 131
387 321
406 239
84 846
499 520
802 278
721 579
205 800
695 154
218 522
535 812
93 482
38 273
683 781
846 983
479 543
958 141
299 358
482 135
784 465
693 826
342 182
843 895
163 906
755 36
737 497
157 725
278 211
392 728
495 78
547 784
678 167
877 415
257 596
555 971
576 705
35 564
850 118
371 732
462 80
708 360
853 726
433 171
895 79
979 619
486 730
682 469
647 965
937 748
686 355
930 556
310 572
198 750
272 587
699 212
788 801
339 13
245 866
926 520
490 824
141 871
92 949
921 597
141 939
719 654
598 852
288 570
35 54
739 639
92 61
239 318
666 252
127 351
193 8
830 266
547 83
470 614
163 263
54 97
879 197
863 576
829 976
702 326
761 573
668 31
204 652
340 184
718 754
90 498
745 531
876 812
308 33
516 400
720 97
95 891
419 399
63 834
172 752
302 372
530 789
584 752
955 66
950 478
164 381
992 598
347 634
683 305
594 835
321 37
320 494
796 727
564 596
85 162
910 632
837 568
426 668
913 962
790 701
833 454
38 919
684 779
666 266
272 236
44 862
584 281
716 405
198 841
785 96
394 753
769 876
38 676
959 281
387 692
920 634
584 211
769 461
204 65
20 943
350 935
702 216
150 245
43 973
264 633
924 319
67 401
48 549
417 538
749 174
758 567
385 36
711 154
158 503
424 143
795 431
507 450
949 231
56 874
493 235
258 144
496 880
940 993
916 104
654 114
7 35
558 797
414 478
340 961
658 452
205 13
698 223
183 942
845 487
919 864
632 87
91 383
461 414
368 144
671 661
300 247
638 109
49 233
235 784
551 285
534 247
989 904
731 807
578 1000
647 710
573 851
320 589
742 25
642 928
11 285
711 536
204 835
587 212
222 429
37 251
981 746
422 721
846 950
813 522
265 154
11 935
126 110
865 656
737 219
739 532
739 382
207 577
500 170
862 970
543 754
742 920
932 905
115 997
150 673
973 758
553 915
869 933
85 800
266 74
379 920
26 749
52 705
952 410
18 817
249 305
25 430
942 750
652 125
378 326
440 991
288 471
172 574
790 889
704 824
349 381
730 184
500 935
961 281
176 925
985 524
413 11
35 840
895 155
921 670
237 402
130 588
681 612
169 575
77 926
226 435
260 532
617 870
216 43
671 522
299 267
907 917
930 398
876 641
491 267
226 48
820 530
631 728
258 21
919 317
741 269
864 277
688 476
160 750
60 381
413 226
209 445
714 993
486 154
606 868
798 824
476 100
864 765
132 235
351 956
700 325
228 807
594 294
111 827
947 93
549 614
986 765
953 723
774 157
394 293
955 45
5 115
478 650
796 846
67 870
13 937
14 871
854 42
92 723
736 188
438 963
511 556
701 967
919 112
292 826
799 883
671 78
763 953
369 315
487 343
769 840
203 833
351 932
740 184
724 143
914 266
67 475
105 44
395 336
414 76
731 922
474 507
827 731
493 353
244 639
458 453
154 649
1000 937
766 988
955 642
876 234
608 799
36 280
333 96
422 143
94 633
878 411
910 607
804 563
396 123
767 777
588 90
295 23
556 918
276 779
477 133
558 492
378 407
230 983
322 847
594 723
142 169
902 878
145 718
608 418
759 154
901 574
459 871
316 362
443 33
334 255
724 150
709 907
213 289
723 125
705 807
490 12
933 568
88 890
827 720
347 551
664 355
757 458
582 757
478 741
427 629
355 423
514 874
820 561
829 967
180 656
487 676
710 267
330 566
737 118
4 915
974 318
188 586
422 166
980 33
369 758
857 231
106 79
874 363
56 728
56 322
241 748
386 719
850 501
647 381
105 685
56 539
634 601
249 906
370 968
693 532
552 328
680 759
243 584
736 57
350 831
888 890
685 912
834 951
101 783
286 991
179 173
249 869
917 274
241 17
229 37
741 393
870 649
959 797
702 154
301 77
897 188
338 64
213 982
898 667
316 79
919 948
665 269
127 463
260 633
62 144
230 167
232 593
764 282
105 312
122 338
697 156
551 777
917 569
974 522
776 812
669 777
230 961
46 722
468 513
16 28
548 717
976 569
966 360
311 512
32 894
578 280
134 815
763 323
581 840
30 198
233 557
804 647
45 504
954 986
112 969
295 603
813 975
335 47
908 933
486 697
191 543
783 551
493 297
488 331
223 31
703 842
852 589
190 940
781 631
358 392
691 594
243 280
566 144
368 605
922 575
425 125
871 842
837 251
430 195
426 715
576 931
235 139
681 986
828 570
904 344
119 842
779 69
410 311
816 900
324 302
714 473
440 355
538 94
296 690
685 328
940 208
445 750
793 462
800 904
46 951
949 755
139 473
553 576
733 519
259 886
472 317
367 692
902 28
794 957
120 720
693 259
790 377
156 520
89 96
200 903
238 579
739 551
243 436
133 445
784 490
781 822
711 565
804 659
72 119
128 628
148 962
239 574
476 156
401 929
464 923
429 935
638 272
16 153
915 906
343 313
717 298
406 184
809 325
304 228
341 566
397 271
54 784
272 791
259 587
863 428
560 441
591 614
593 771
577 390
577 969
118 381
120 140
11 600
301 201
545 362
553 730
20 791
954 718
792 802
831 946
696 558
924 87
176 61
337 952
432 732
245 651
640 313
988 948
555 948
534 264
427 411
132 728
539 264
578 516
699 911
304 711
193 703
140 559
804 700
788 598
759 467
717 697
738 469
667 108
815 481
598 388
799 182
547 133
197 277
418 911
386 560
148 815
30 374
369 849
311 575
16 782
155 951
546 779
410 110
854 759
221 104
804 402
715 226
892 240
608 493
275 603
59 824
411 305
777 267
228 921
852 390
249 372
929 490
398 815
60 71
197 898
623 175
607 33
19 456
277 692
956 164
81 550
997 528
796 144
39 268
138 909
718 206
985 217
554 805
369 249
117 619
852 175
209 987
397 916
394 169
345 112
199 117
152 853
724 174
998 995
162 982
694 992
976 563
963 86
336 231
145 25
776 224
985 766
160 282
540 332
162 498
623 180
254 884
627 250
19 465
791 823
701 864
958 630
244 253
242 502
618 411
243 298
837 699
783 403
767 574
33 620
952 917
845 597
804 4
884 416
421 382
793 317
170 485
228 230
121 786
406 927
736 957
624 450
751 10
920 919
8 215
607 667
702 945
443 318
427 725
690 725
467 1
213 50
947 267
587 667
227 824
747 489
993 473
683 958
20 794
315 815
436 840
526 551
50 186
541 654
507 586
647 357
795 285
310 189
183 699
21 625
24 75
46 619
584 707
713 801
255 626
825 223
534 652
148 63
811 777
217 670
417 748
616 990
891 657
116 59
72 743
92 762
308 943
70 418
443 84
4 416
722 503
427 714
93 991
232 418
413 915
243 879
731 562
888 268
553 137
865 740
718 134
901 441
420 828
560 373
745 657
322 453
857 778
16 562
495 919
864 353
20 922
972 764
759 266
524 576
337 106
167 890
800 819
395 572
876 51
220 116
4 630
955 446
222 542
408 641
745 697
828 161
581 93
284 115
782 246
235 519
458 657
176 861
340 653
81 811
958 407
140 346
228 123
122 738
856 377
232 126
401 503
36 469
899 652
935 118
149 146
243 414
678 986
686 680
214 45
162 594
182 812
239 31
645 376
133 654
43 983
580 620
172 753
232 754
600 663
70 764
821 236
983 601
879 560
578 341
681 44
48 186
665 349
680 576
137 897
541 552
561 743
1000 471
213 813
837 492
415 335
397 240
56 409
611 361
646 408
478 61
745 754
137 421
526 311
50 212
307 597
791 692
588 911
28 171
95 169
43 959
217 21
210 347
339 667
581 888
710 510
505 391
627 784
896 240
607 421
533 5
55 154
679 433
39 395
645 828
985 846
695 455
318 888
335 186
581 190
638 289
694 938
126 911
783 503
380 395
178 512
901 807
21 322
774 128
422 465
138 341
545 550
427 22
799 633
749 115
936 550
680 987
700 601
627 555
774 901
829 834
187 224
77 607
544 437
262 702
506 64
880 381
623 543
695 994
165 750
510 195
591 710
977 355
930 665
524 368
985 792
930 785
741 141
553 442
882 416
41 110
439 575
792 54
764 988
303 383
647 487
859 423
699 511
795 2
202 573
324 17
231 835
876 175
548 604
72 365
188 233
728 116
119 738
158 504
711 613
340 969
290 687
73 773
256 483
827 457
42 899
828 614
443 29
81 370
543 29
106 281
30 224
766 277
242 643
16 542
53 252
839 785
682 780
938 146
149 286
189 833
761 320
210 476
301 563
199 819
189 52
142 585
416 104
876 937
862 667
676 86
647 384
703 231
483 822
617 893
191 4
581 49
105 662
731 51
199 505
769 274
491 535
347 266
720 288
496 711
901 454
631 652
559 467
392 283
145 489
716 743
340 283
486 270
694 227
161 629
264 480
115 886
19 838
576 596
421 614
225 109
216 953
498 31
892 975
329 315
252 929
861 589
73 580
989 178
260 753
645 791
481 990
541 411
318 251
688 704
644 992
26 478
876 14
517 524
756 280
921 569
296 639
483 831
814 993
119 444
229 661
6 988
677 886
623 14
164 596
537 444
376 450
521 474
665 797
176 944
902 530
49 924
121 639
920 295
761 515
680 95
932 878
582 43
242 797
574 234
405 720
275 240
874 285
784 45
782 552
237 534
972 591
396 988
169 726
779 219
44 71
150 731
156 816
194 971
359 978
313 826
142 908
587 353
733 546
370 946
442 551
4 482
795 930
133 311
172 457
145 345
